date,annualCurrentAssets,annualBeginningCashPosition,annualInterestExpense,quarterlyChangeInInventory,annualChangesInAccountReceivables,quarterlyOtherCurrentAssets,quarterlyRepurchaseOfCapitalStock,annualOtherNonCurrentAssets,trailingOperatingExpense,quarterlySaleOfInvestment,annualNetIncomeCommonStockholders,annualSellingGeneralAndAdministration,annualDeferredIncomeTax,quarterlyGainsLossesNotAffectingRetainedEarnings,annualAccumulatedDepreciation,annualRepurchaseOfCapitalStock,annualGrossPPE,quarterlyBasicAverageShares,annualEbitda,annualRepaymentOfDebt,quarterlyBeginningCashPosition,quarterlyAccountsPayable,quarterlyStockholdersEquity,quarterlyChangeInAccountPayable,annualCurrentAccruedExpenses,annualChangeInCashSupplementalAsReported,quarterlyNetOtherInvestingChanges,quarterlyEndCashPosition,annualOtherCurrentLiabilities,annualCapitalExpenditure,quarterlyGrossProfit,quarterlyOperatingExpense,trailingNetIncomeCommonStockholders,trailingGrossProfit,quarterlyNonCurrentDeferredTaxesLiabilities,quarterlyCurrentDeferredRevenue,annualCurrentDeferredRevenue,trailingCostOfRevenue,trailingResearchAndDevelopment,quarterlyAccumulatedDepreciation,annualCurrentDebt,annualCapitalStock,quarterlySellingGeneralAndAdministration,annualTaxProvision,quarterlyRepaymentOfDebt,quarterlyCurrentLiabilities,annualNetOtherFinancingCharges,quarterlyEbitda,annualGrossProfit,quarterlyStockBasedCompensation,annualTotalNonCurrentAssets,quarterlyPurchaseOfBusiness,trailingTaxProvision,quarterlyRetainedEarnings,quarterlyPretaxIncome,quarterlyNetPPE,annualInventory,annualResearchAndDevelopment,quarterlyCommonStockIssuance,quarterlyTaxProvision,quarterlyOtherNonCashItems,annualOtherCurrentAssets,annualOtherNonCashItems,quarterlyCashFlowFromContinuingFinancingActivities,quarterlyResearchAndDevelopment,annualPurchaseOfBusiness,trailingNetIncomeContinuousOperations,quarterlyCapitalExpenditure,quarterlyDeferredIncomeTax,annualTotalLiabilitiesNetMinorityInterest,annualNonCurrentDeferredTaxesLiabilities,quarterlyTotalRevenue,quarterlyDilutedEPS,quarterlyChangeInWorkingCapital,annualFreeCashFlow,quarterlyOperatingIncome,quarterlyCurrentAssets,quarterlyGrossPPE,annualChangeInInventory,quarterlyOperatingCashFlow,annualCostOfRevenue,annualNetIncomeContinuousOperations,annualOperatingExpense,trailingSellingGeneralAndAdministration,annualLongTermDebt,annualCashDividendsPaid,quarterlyOtherNonCurrentLiabilities,annualAccountsReceivable,quarterlyChangeInCashSupplementalAsReported,annualNetIncome,annualBasicAverageShares,quarterlyTotalAssets,trailingPretaxIncome,trailingNetIncome,annualGoodwill,annualPretaxIncome,annualTotalAssets,quarterlyAccountsReceivable,quarterlyOtherShortTermInvestments,quarterlyOtherCurrentLiabilities,annualChangeInWorkingCapital,annualStockholdersEquity,quarterlyInvestmentsAndAdvances,quarterlyTotalNonCurrentLiabilitiesNetMinorityInterest,annualSaleOfInvestment,annualDepreciationAndAmortization,quarterlyCurrentAccruedExpenses,annualCommonStockIssuance,quarterlyCostOfRevenue,annualOtherShortTermInvestments,quarterlyNetIncome,quarterlyDilutedAverageShares,annualInvestingCashFlow,quarterlyGoodwill,quarterlyOtherIncomeExpense,annualStockBasedCompensation,quarterlyNetIncomeContinuousOperations,quarterlyInventory,annualRetainedEarnings,annualTotalRevenue,annualBasicEPS,annualPurchaseOfInvestment,quarterlyLongTermDebt,trailingTotalRevenue,quarterlyNetIncomeCommonStockholders,annualCashFlowFromContinuingFinancingActivities,annualEndCashPosition,trailingOperatingIncome,quarterlyInvestingCashFlow,annualDilutedAverageShares,quarterlyCashDividendsPaid,annualCurrentLiabilities,annualOtherIntangibleAssets,annualOperatingIncome,annualChangeInAccountPayable,quarterlyPurchaseOfInvestment,annualOperatingCashFlow,annualTotalNonCurrentLiabilitiesNetMinorityInterest,quarterlyCashAndCashEquivalents,quarterlyCurrentDebt,annualAccountsPayable,quarterlyCapitalStock,annualOtherIncomeExpense,quarterlyCashCashEquivalentsAndMarketableSecurities,annualNetPPE,quarterlyBasicEPS,quarterlyOtherNonCurrentAssets,quarterlyInterestExpense,annualOtherNonCurrentLiabilities,quarterlyNetOtherFinancingCharges,annualInvestmentsAndAdvances,quarterlyDepreciationAndAmortization,annualCashCashEquivalentsAndMarketableSecurities,quarterlyOtherIntangibleAssets,quarterlyChangesInAccountReceivables,quarterlyTotalNonCurrentAssets,annualNetOtherInvestingChanges,trailingOtherIncomeExpense,annualCashAndCashEquivalents,quarterlyFreeCashFlow,annualDilutedEPS,quarterlyTotalLiabilitiesNetMinorityInterest,annualGainsLossesNotAffectingRetainedEarnings,trailingBasicAverageShares,quarterlyNonCurrentDeferredRevenue,trailingStockBasedCompensation,trailingDeferredIncomeTax,trailingFreeCashFlow,trailingRepurchaseOfCapitalStock,trailingChangeInCashSupplementalAsReported,trailingCapitalExpenditure,trailingRepaymentOfDebt,trailingCashDividendsPaid,trailingChangeInInventory,trailingChangesInAccountReceivables,trailingPurchaseOfBusiness,trailingOtherNonCashItems,trailingDilutedEPS,trailingNetOtherInvestingChanges,trailingOperatingCashFlow,trailingInterestExpense,trailingNetOtherFinancingCharges,trailingBasicEPS,trailingDepreciationAndAmortization,quarterlyIncomeTaxPayable,trailingCommonStockIssuance,trailingEndCashPosition,annualNonCurrentDeferredRevenue,annualIncomeTaxPayable,trailingSaleOfInvestment,trailingPurchaseOfInvestment,trailingBeginningCashPosition,trailingChangeInAccountPayable,trailingInvestingCashFlow,trailingChangeInWorkingCapital,trailingCashFlowFromContinuingFinancingActivities,trailingDilutedAverageShares
1970-01-01 00:00:00.410140800,57400000.0,,600000.0,,,,,300000.0,5386800000.0,,-4700000.0,5500000.0,,,-1900000.0,,16300000.0,,-10300000.0,,,,,,,,,,4200000.0,,,,5888500000.0,12422500000.0,,,,1955400000.0,2280600000.0,,1600000.0,,,800000.0,,,,,-4800000.0,,16100000.0,,1158000000.0,,,,,,,,,400000.0,,,,,5888500000.0,,,11600000.0,,,,,,,,,,,16900000.0,-4700000.0,7000000.0,2374700000.0,5900000.0,,,,,-4700000.0,352500000.0,,7125900000.0,5888500000.0,,-3900000.0,73500000.0,,,,,61900000.0,,,,,,,,,,,,,,,,,-10000000.0,12100000.0,-0.013333,,,14377900000.0,,,,7035700000.0,,352500000.0,,5800000.0,1400000.0,-11800000.0,,,,,,,,,8400000.0,,14400000.0,,,,-100000.0,,,,56200000.0,,,,,90200000.0,56200000.0,,-0.013333,,,,,,,,,,,,,,,,,,,,,,,,,,,,,,,,,,,,
1970-01-01 00:00:00.441676800,85700000.0,,200000.0,,,,,400000.0,,,-12100000.0,6900000.0,,,-4600000.0,,27800000.0,,-15700000.0,,,,,,,,,,,,,,,,,,,,,,,,,1100000.0,,,,,-8800000.0,,25700000.0,,,,,,,,,,,600000.0,,,,,,,,8600000.0,,,,,,,,,,,19300000.0,-12100000.0,9700000.0,,3400000.0,,,,,-12100000.0,427058824.0,,,,,-11000000.0,111400000.0,,,,,102800000.0,,,,,,,,,,,,,,,,,-21700000.0,10500000.0,-0.028333,,,,,,,,,427058824.0,,5200000.0,2100000.0,-18500000.0,,,,,,,,,7700000.0,,23200000.0,,,,0.0,,,,82300000.0,,,,,,82300000.0,,-0.028333,,,,,,,,,,,,,,,,,,,,,,,,,,,,,,,,,,,,
1970-01-01 00:00:00.449539200,,,,,,,,,,,,,,,,,,432000000.0,,,,,,,,,,,,,,,,,,,,,,,,,,,,,,4200000.0,,,,,,,,,,,,,,,,,,,,,,,,4200000.0,-0.008333,,,4200000.0,,,,,,,,,,,,,,,,,,,,,,,,,,,,,,,,,,,-3600000.0,432000000.0,,,,,-3600000.0,,,,,,,,-3600000.0,,,,,,,,,,,,,,,,,,,,,-0.008333,,,,,,,,,,,,,,,,,,,,,,,,,,,,,,,,,,,,,,,,,,,,,,,,,,,
1970-01-01 00:00:00.457401600,,,,,,,,,,,,,,,,,,450000000.0,,,,,,,,,,,,,,,,,,,,,,,,,,,,,,5700000.0,,,,,,,,,,,,,,,,,,,,,,,,5700000.0,-0.01,,,5700000.0,,,,,,,,,,,,,,,,,,,,,,,,,,,,,,,,,,,-4500000.0,450000000.0,,,,,-4500000.0,,,,,,,,-4500000.0,,,,,,,,,,,,,,,,,,,,,-0.01,,,,,,,,,,,,,,,,,,,,,,,,,,,,,,,,,,,,,,,,,,,,,,,,,,,
1970-01-01 00:00:00.465350400,,,,,,,,,,,,,,,,,,420000000.0,,,,,,,,,,,,,,,,,,,,,,,,,,,,,,5900000.0,,,,,,,,,,,,,,,,,,,,,,,,5900000.0,-0.006667,,,5900000.0,,,,,,,,,,,,,,,,,,,,,,,,,,,,,,,,,,,-2800000.0,420000000.0,,,,,-2800000.0,,,,,,,,-2800000.0,,,,,,,,,,,,,,,,,,,,,-0.006667,,,,,,,,,,,,,,,,,,,,,,,,,,,,,,,,,,,,,,,,,,,,,,,,,,,
1970-01-01 00:00:00.473299200,79200000.0,,,,,1100000.0,,4800000.0,,,-13100000.0,8100000.0,,,-7800000.0,,30800000.0,,-16000000.0,,,,91900000.0,,,,,,,,,,,,,,,,,-7800000.0,,,,800000.0,,14900000.0,,-36000000.0,-7900000.0,,30600000.0,,,-34800000.0,,23000000.0,,,,,,1100000.0,,,,,,,,17900000.0,,7100000.0,,,,-36000000.0,79200000.0,30800000.0,,,30800000.0,-13100000.0,12300000.0,,3000000.0,,0.0,,,-13100000.0,436666667.0,109800000.0,,,,-12300000.0,109800000.0,,,,,91900000.0,,,,,,,,,-2200000.0,,,,,,-2200000.0,,-34800000.0,22900000.0,-0.03,,3000000.0,,-2200000.0,,,,,436666667.0,,14900000.0,2800000.0,-20200000.0,,,,,74900000.0,,,,7900000.0,74900000.0,23000000.0,,4800000.0,,0.0,,,,74900000.0,2800000.0,,30600000.0,,,74900000.0,,-0.03,17900000.0,,,,,,,,,,,,,,,,,,,,,,,,,,,,,,,,,,,
1970-01-01 00:00:00.481075200,,,,,,,,,,,,,,,,,,428571429.0,,,,,,,,,,,,,,,,,,,,,,,,,,,,,,3000000.0,,,,,,,,,,,,,,,,,,,,,,,,3000000.0,-0.011667,,,3000000.0,,,,,,,,,,,,,,,,,,,,,,,,,,,,,,,,,,,-5000000.0,428571429.0,,,,,-5000000.0,,,,,,,,-5000000.0,,,,,,,,,,,,,,,,,,,,,-0.011667,,,,,,,,,,,,,,,,,,,,,,,,,,,,,,,,,,,,,,,,,,,,,,,,,,,
1970-01-01 00:00:00.488937600,,,,,,,,,,,,,,,,,,420000000.0,,,,,,,,,,,,,,,,,,,,,,,,,,,,,,5100000.0,,,,,,,,,,,,,,,,,,,,,,,,5100000.0,-0.006667,,,5100000.0,,,,,,,,,,,,,,,,,,,,,,,,,,,,,,,,,,,-2800000.0,420000000.0,,,,,-2800000.0,,,,,,,,-2800000.0,,,,,,,,,,,,,,,,,,,,,-0.006667,,,,,,,,,,,,,,,,,,,,,,,,,,,,,,,,,,,,,,,,,,,,,,,,,,,
1970-01-01 00:00:00.496886400,,,,,,,,,,,,,,,,,,411428571.0,,,,,,,,,,,,,,,,,,,,,,,,,,,,,,4000000.0,,,,,,,,,,,,,,,,,,,,,,,,4000000.0,-0.011667,,,4000000.0,,,,,,,,,,,,,,,,,,,,,,,,,,,,,,,,,,,-4800000.0,411428571.0,,,,,-4800000.0,,,,,,,,-4800000.0,,,,,,,,,,,,,,,,,,,,,-0.011667,,,,,,,,,,,,,,,,,,,,,,,,,,,,,,,,,,,,,,,,,,,,,,,,,,,
1970-01-01 00:00:00.504835200,57000000.0,,,,,1300000.0,,5400000.0,,,-19100000.0,39000000.0,,,-12900000.0,,33900000.0,,-28400000.0,,,,74900000.0,,,,,,,,,,,,,,,,,-12900000.0,,,,400000.0,,7400000.0,,-45100000.0,10600000.0,,28800000.0,,,-53800000.0,,21000000.0,,,,,,1300000.0,,,,,,,,10900000.0,,2900000.0,,,,-45100000.0,57000000.0,33900000.0,,,4500000.0,-19100000.0,43500000.0,,3600000.0,,-100000.0,,,-19100000.0,440769231.0,85800000.0,,,,-18700000.0,85800000.0,,,,,74900000.0,,,,,,,,,-6500000.0,,,,,,-6500000.0,,-53800000.0,15100000.0,-0.043333,,3600000.0,,-6500000.0,,,,,440769231.0,,7400000.0,2400000.0,-32900000.0,,,,,53500000.0,,,,5300000.0,53500000.0,21000000.0,,5400000.0,,-100000.0,,,,53500000.0,2400000.0,,28800000.0,,,53500000.0,,-0.043333,10900000.0,,,,,,,,,,,,,,,,,,,,,,,,,,,,,,,,,,,
1970-01-01 00:00:00.512611200,,,,,,,,,,,,,,,,,,420000000.0,,,,,,,,,,,,,,,,,,,,,,,,,,,,,,2800000.0,,,,,,,,,,,,,,,,,,,,,,,,2800000.0,-0.015,,,2800000.0,,,,,,,,,,,,,,,,,,,,,,,,,,,,,,,,,,,-6300000.0,420000000.0,,,,,-6300000.0,,,,,,,,-6300000.0,,,,,,,,,,,,,,,,,,,,,-0.015,,,,,,,,,,,,,,,,,,,,,,,,,,,,,,,,,,,,,,,,,,,,,,,,,,,
1970-01-01 00:00:00.520473600,,,,,,,,,,,,,,,,,,446666667.0,,,,,,,,,,,,,,,,,,,,,,,,,,,,,,2000000.0,,,,,,,,,,,,,,,,,,,,,,,,2000000.0,-0.015,,,2000000.0,,,,,,,,,,,,,,,,,,,,,,,,,,,,,,,,,,,-6700000.0,446666667.0,,,,,-6700000.0,,,,,,,,-6700000.0,,,,,,,,,,,,,,,,,,,,,-0.015,,,,,,,,,,,,,,,,,,,,,,,,,,,,,,,,,,,,,,,,,,,,,,,,,,,
1970-01-01 00:00:00.528422400,,,,,,,,,,,,,,,,,,450000000.0,,,,,,,,,,,,,,,,,,,,,,,,,,,,,,700000.0,,,,,,,,,,,,,,,,,,,,,,,,700000.0,-0.016667,,,700000.0,,,,,,,,,,,,,,,,,,,,,,,,,,,,,,,,,,,-7500000.0,450000000.0,,,,,-7500000.0,,,,,,,,-7500000.0,,,,,,,,,,,,,,,,,,,,,-0.016667,,,,,,,,,,,,,,,,,,,,,,,,,,,,,,,,,,,,,,,,,,,,,,,,,,,
1970-01-01 00:00:00.536371200,73600000.0,,,,,1400000.0,,5500000.0,,,-28200000.0,8100000.0,,,-18500000.0,,37200000.0,,-25000000.0,,,,89300000.0,,,,,,,,,,,,,,,,,-18500000.0,,,,400000.0,,7200000.0,,-34700000.0,-16900000.0,,27300000.0,,,-82000000.0,,18700000.0,,,,,,1400000.0,,,,,,,,11600000.0,,800000.0,,,,-34700000.0,73600000.0,37200000.0,,,23300000.0,-28200000.0,12200000.0,,4400000.0,,0.0,,,-28200000.0,470000000.0,100900000.0,,,,-27800000.0,100900000.0,,,,,89300000.0,,,,,,,,,-7700000.0,,,,,,-7700000.0,,-82000000.0,6400000.0,-0.06,,4400000.0,,-7700000.0,,,,,470000000.0,,7200000.0,3100000.0,-29100000.0,,,,,70500000.0,,,,1300000.0,70500000.0,18700000.0,,5500000.0,,0.0,,,,70500000.0,3100000.0,,27300000.0,,,70500000.0,,-0.06,11600000.0,,,,,,,,,,,,,,,,,,,,,,,,,,,,,,,,,,,
1970-01-01 00:00:00.544147200,,,,,,,,,,,,,,,,,,480000000.0,,,,,,,,,,,,,,,,,,,,,,,,,,,,,,3200000.0,,,,,,,,,,,,,,,,,,,,,,,,3200000.0,-0.011667,,,3200000.0,,,,,,,,,,,,,,,,,,,,,,,,,,,,,,,,,,,-5600000.0,480000000.0,,,,,-5600000.0,,,,,,,,-5600000.0,,,,,,,,,,,,,,,,,,,,,-0.011667,,,,,,,,,,,,,,,,,,,,,,,,,,,,,,,,,,,,,,,,,,,,,,,,,,,
1970-01-01 00:00:00.552009600,,,,,,,,,,,,,,,,,,495000000.0,,,,,,,,,,,,,,,,,,,,,,,,,,,,,,1700000.0,,,,,,,,,,,,,,,,,,,,,,,,1700000.0,-0.013333,,,1700000.0,,,,,,,,,,,,,,,,,,,,,,,,,,,,,,,,,,,-6600000.0,495000000.0,,,,,-6600000.0,,,,,,,,-6600000.0,,,,,,,,,,,,,,,,,,,,,-0.013333,,,,,,,,,,,,,,,,,,,,,,,,,,,,,,,,,,,,,,,,,,,,,,,,,,,
1970-01-01 00:00:00.559958400,,,,,,,,,,,,,,,,,,525000000.0,,,,,,,,,,,,,,,,,,,,,,,,,,,,,,1800000.0,,,,,,,,,,,,,,,,,,,,,,,,1800000.0,-0.013333,,,1800000.0,,,,,,,,,,,,,,,,,,,,,,,,,,,,,,,,,,,-7000000.0,525000000.0,,,,,-7000000.0,,,,,,,,-7000000.0,,,,,,,,,,,,,,,,,,,,,-0.013333,,,,,,,,,,,,,,,,,,,,,,,,,,,,,,,,,,,,,,,,,,,,,,,,,,,
1970-01-01 00:00:00.567907200,57800000.0,,,,,700000.0,,5500000.0,,,-22600000.0,8000000.0,,,-8700000.0,,22700000.0,,-20400000.0,,,,67900000.0,,,,,,,,,,,,,,,,,-8700000.0,,,,200000.0,,7600000.0,,-31000000.0,-12400000.0,,22900000.0,,,-104600000.0,,14000000.0,,,,,,700000.0,,,,,,,,12800000.0,,1800000.0,,,,-31000000.0,57800000.0,22700000.0,,,21000000.0,-22600000.0,11800000.0,,5200000.0,,0.0,,,-22600000.0,521538462.0,80700000.0,,,,-22400000.0,80700000.0,,,,,67900000.0,,,,,,,,,-3400000.0,,,,,,-3400000.0,,-104600000.0,8600000.0,-0.043333,,5200000.0,,-3400000.0,,,,,521538462.0,,7600000.0,3400000.0,-24200000.0,,,,,54400000.0,,,,1800000.0,54400000.0,14000000.0,,5500000.0,,0.0,,,,54400000.0,3400000.0,,22900000.0,,,54400000.0,,-0.043333,12800000.0,,,,,,,,,,,,,,,,,,,,,,,,,,,,,,,,,,,
1970-01-01 00:00:00.575769600,,,,,,,,,,,,,,,,,,540000000.0,,,,,,,,,,,,,,,,,,,,,,,,,,,,,,5600000.0,,,,,,,,,,,,,,,,,,,,,,,,5600000.0,-0.001667,,,5600000.0,,,,,,,,,,,,,,,,,,,,,,,,,,,,,,,,,,,-900000.0,540000000.0,,,,,-900000.0,,,,,,,,-900000.0,,,,,,,,,,,,,,,,,,,,,-0.001667,,,,,,,,,,,,,,,,,,,,,,,,,,,,,,,,,,,,,,,,,,,,,,,,,,,
1970-01-01 00:00:00.583632000,,,,,,,,,,,,,,,,,,540000000.0,,,,,,,,,,,,,,,,,,,,,,,,,,,,,,5800000.0,,,,,,,,,,,,,,,,,,,,,,,,5800000.0,-0.001667,,,5800000.0,,,,,,,,,,,,,,,,,,,,,,,,,,,,,,,,,,,-900000.0,540000000.0,,,,,-900000.0,,,,,,,,-900000.0,,,,,,,,,,,,,,,,,,,,,-0.001667,,,,,,,,,,,,,,,,,,,,,,,,,,,,,,,,,,,,,,,,,,,,,,,,,,,
1970-01-01 00:00:00.591580800,,,,,,,,,,,,,,,,,,240000000.0,,,,,,,,,,,,,,,,,,,,,,,,,,,,,,3600000.0,,,,,,,,,,,,,,,,,,,,,,,,3600000.0,0.001667,,,3600000.0,,,,,,,,,,,,,,,,,,,,,,,,,,,,,,,,,,,400000.0,240000000.0,,,,,400000.0,,,,,,,,400000.0,,,,,,,,,,,,,,,,,,,,,0.001667,,,,,,,,,,,,,,,,,,,,,,,,,,,,,,,,,,,,,,,,,,,,,,,,,,,
1970-01-01 00:00:00.599529600,57600000.0,,,,,1700000.0,,5000000.0,,,-1200000.0,8300000.0,,,-11000000.0,,25500000.0,,-8800000.0,,,,68000000.0,,,,,,,,,,,,,,,,,-11000000.0,,,,300000.0,,8000000.0,,-26900000.0,-500000.0,,23300000.0,,,-105800000.0,,14500000.0,,,,,,1700000.0,,,,,,,,12900000.0,,5600000.0,,,,-26900000.0,57600000.0,25500000.0,,,21100000.0,-1200000.0,11400000.0,,4800000.0,,100000.0,,,-1200000.0,360000000.0,80900000.0,,,,-900000.0,80900000.0,,,,,68000000.0,,,,,,,,,200000.0,,,,,,200000.0,,-105800000.0,20600000.0,-0.003333,,4800000.0,,200000.0,,,,,360000000.0,,8000000.0,3800000.0,-11900000.0,,,,,54300000.0,,,,11000000.0,54300000.0,14500000.0,,5000000.0,,100000.0,,,,54300000.0,3800000.0,,23300000.0,,,54300000.0,,-0.003333,12900000.0,,,,,,,,,,,,,,,,,,,,,,,,,,,,,,,,,,,
1970-01-01 00:00:00.607305600,,,,,,,,,,,,,,,,,,60000000.0,,,,,,,,,,,,,,,,,,,,,,,,,,,,,,8100000.0,,,,,,,,,,,,,,,,,,,,,,,,8100000.0,0.001667,,,8100000.0,,,,,,,,,,,,,,,,,,,,,,,,,,,,,,,,,,,100000.0,60000000.0,,,,,100000.0,,,,,,,,100000.0,,,,,,,,,,,,,,,,,,,,,0.001667,,,,,,,,,,,,,,,,,,,,,,,,,,,,,,,,,,,,,,,,,,,,,,,,,,,
1970-01-01 00:00:00.615168000,,,,,,,,,,,,,,,,,,120000000.0,,,,,,,,,,,,,,,,,,,,,,,,,,,,,,6900000.0,,,,,,,,,,,,,,,,,,,,,,,,6900000.0,-0.001667,,,6900000.0,,,,,,,,,,,,,,,,,,,,,,,,,,,,,,,,,,,-200000.0,120000000.0,,,,,-200000.0,,,,,,,,-200000.0,,,,,,,,,,,,,,,,,,,,,-0.001667,,,,,,,,,,,,,,,,,,,,,,,,,,,,,,,,,,,,,,,,,,,,,,,,,,,
1970-01-01 00:00:00.623116800,,,,,,79700000.0,,,,,,,,,,,,120000000.0,,,,,137400000.0,,,,,,,,200000.0,3000000.0,,,,,,,,-12600000.0,,,2300000.0,,,6500000.0,,-2100000.0,,,,,,-106900000.0,,15200000.0,,,,,,,,,,,,,,,,7000000.0,0.001667,,,-2800000.0,119200000.0,27800000.0,,,,,,,,,,,,,,143900000.0,,,,,,,,,,,,,,,,,6800000.0,,1700000.0,120000000.0,,,4500000.0,,1700000.0,,,,,,,,200000.0,,,,,,,,,,,,,,32300000.0,,,,,32300000.0,,0.001667,9500000.0,,,,,,,,,24700000.0,,,,,,6500000.0,,,,,,,,,,,,,,,,,,,,,,,,,,,,,,,,,,,
1970-01-01 00:00:00.631065600,119600000.0,27300000.0,,,-4200000.0,80600000.0,,5800000.0,,,200000.0,9000000.0,,,-12900000.0,,28200000.0,,-5700000.0,-4200000.0,,1800000.0,139200000.0,,,5900000.0,5300000.0,,4200000.0,-3100000.0,200000.0,3500000.0,,,,,,,,-12900000.0,,,2400000.0,200000.0,0.0,6000000.0,67200000.0,-2200000.0,3300000.0,,25600000.0,,,-105300000.0,,15300000.0,,,,,2000000.0,80600000.0,6500000.0,-1200000.0,,,,-700000.0,,6000000.0,,7500000.0,,3500000.0,-10600000.0,-3300000.0,119600000.0,28200000.0,,-200000.0,25200000.0,3200000.0,12300000.0,,,-2700000.0,,,900000.0,3200000.0,120000000.0,145200000.0,,,,3400000.0,145200000.0,,,4200000.0,-7400000.0,139200000.0,,,,3300000.0,,,7300000.0,,1600000.0,,-50900000.0,,5000000.0,,1600000.0,,-105300000.0,28500000.0,0.001667,-52000000.0,,,100000.0,64500000.0,,,2100000.0,120000000.0,-1400000.0,6000000.0,4500000.0,-9000000.0,-1600000.0,-2500000.0,-7500000.0,,33200000.0,,1800000.0,,12400000.0,33200000.0,15300000.0,,5800000.0,,,200000.0,,1100000.0,33200000.0,4500000.0,1400000.0,25600000.0,4200000.0,,33200000.0,-900000.0,0.001667,6000000.0,,,,,,,,,,,,,,,,,,,,,,,,,,,,,,,,,,,
1970-01-01 00:00:00.638841600,,,,,,94600000.0,,,,,,,,,,,,120000000.0,,,33200000.0,,139900000.0,,,,-600000.0,,,,3800000.0,3600000.0,,,,,,,,-13300000.0,,,2700000.0,,,5800000.0,,1100000.0,,,,,,-105000000.0,1800000.0,16400000.0,,,,100000.0,2200000.0,,,-900000.0,,,,-1800000.0,,,,11800000.0,0.001667,-4700000.0,,200000.0,118400000.0,29700000.0,,-1700000.0,,,,,,,,,-18900000.0,,,145700000.0,,,,,,,,,,,,,,,,,8000000.0,,1700000.0,120000000.0,,,1500000.0,,1700000.0,,,,,,,,200000.0,,,,-16300000.0,,-1500000.0,,,,,-13900000.0,,,14300000.0,,,,,14300000.0,,0.001667,6200000.0,,,600000.0,,900000.0,,4700000.0,-3700000.0,27300000.0,,,,-3500000.0,,5800000.0,,,,,,,,,,,,,,,,,,,,,,,,,,,,,,,,,,,
1970-01-01 00:00:00.646704000,,,,,,94000000.0,,,,,,,,,,,,60000000.0,,,,,141600000.0,,,,-900000.0,,,,2600000.0,3400000.0,,,,,,,,-13900000.0,,,2500000.0,,,7000000.0,,100000.0,,,,,,-104900000.0,1700000.0,18300000.0,,,,100000.0,1400000.0,,,-100000.0,,,,-2400000.0,,,,12000000.0,0.001667,3800000.0,,-800000.0,118400000.0,32200000.0,,6100000.0,,,,,,,,,2900000.0,,,148600000.0,,,,,,,,,,,,,,,,,9400000.0,,1600000.0,60000000.0,,,2400000.0,,1600000.0,,,,,,,,100000.0,,,,-3200000.0,,-1400000.0,,,,,100000.0,,,17200000.0,,,,,17200000.0,,0.001667,6600000.0,,,1300000.0,,800000.0,,5300000.0,2300000.0,30200000.0,,,,3700000.0,,7000000.0,,,,,,,,,,,,,,,,,,,,,,,,,,,,,,,,,,,
1970-01-01 00:00:00.654652800,,,,,,95100000.0,,,,,,,,,,,,180000000.0,,,,,144200000.0,,,,-700000.0,,,,3200000.0,3500000.0,,,,,,,,-14500000.0,,,2500000.0,,,8800000.0,,700000.0,,,,,,-104600000.0,1900000.0,21900000.0,,,,100000.0,2300000.0,,,500000.0,,,,-4400000.0,,,,12500000.0,0.001667,-400000.0,,-300000.0,118400000.0,36400000.0,,2600000.0,,,,,,,,,-2700000.0,,,153000000.0,,,,,,,,,,,,,,,,,9300000.0,,1800000.0,180000000.0,,,2100000.0,,1800000.0,,,,,,,,300000.0,,,,-5700000.0,,-1500000.0,,,,,-600000.0,,,14500000.0,,,,,14500000.0,,0.001667,6900000.0,,,2000000.0,,1000000.0,,5800000.0,-1600000.0,34600000.0,,,,-1800000.0,,8800000.0,,,,,,,,,,,,,,,,,,,,,,,,,,,,,,,,,,,
1970-01-01 00:00:00.662601600,120800000.0,33200000.0,,,-7400000.0,95000000.0,,7800000.0,,,1800000.0,10100000.0,,,-15200000.0,,38800000.0,,4600000.0,,,2800000.0,145700000.0,,,-20600000.0,-900000.0,,9900000.0,-11100000.0,5000000.0,3600000.0,,,,,,,,-15200000.0,,,2500000.0,300000.0,,12700000.0,4100000.0,2500000.0,14700000.0,,37700000.0,,,-103400000.0,2700000.0,23600000.0,,,,100000.0,2500000.0,95000000.0,8400000.0,-1300000.0,,,,-2500000.0,,12800000.0,,13800000.0,,-400000.0,-400000.0,1400000.0,120800000.0,38800000.0,,3700000.0,35400000.0,7700000.0,13900000.0,,,-5900000.0,,,-1900000.0,7700000.0,540000000.0,158500000.0,,,,8000000.0,158500000.0,,,9900000.0,-1700000.0,145700000.0,,,,3800000.0,,,8800000.0,,2600000.0,,-29500000.0,,1200000.0,,2600000.0,,-103400000.0,50100000.0,0.003333,-15300000.0,,,1100000.0,-1800000.0,,,-4300000.0,540000000.0,-1500000.0,12700000.0,6300000.0,800000.0,6600000.0,-900000.0,10700000.0,,12600000.0,,2800000.0,,7200000.0,12600000.0,23600000.0,,7800000.0,,,200000.0,,1100000.0,12600000.0,6300000.0,-4400000.0,37700000.0,-3100000.0,,12600000.0,1200000.0,0.003333,12800000.0,,,,,,,,,,,,,,,,,,,,,,,,,,,,,,,,,,,
1970-01-01 00:00:00.670377600,,,,,,89000000.0,,,,6400000.0,,,,,,,,420000000.0,,,12600000.0,,147800000.0,,,,-600000.0,,,,5600000.0,4500000.0,,,,,,,,-15900000.0,,,3400000.0,,,10200000.0,,2200000.0,,,,,,-102000000.0,3000000.0,26200000.0,,,,100000.0,2100000.0,,,-700000.0,,,,-3300000.0,,,,15900000.0,0.003333,-1200000.0,,1100000.0,117900000.0,42100000.0,,2700000.0,,,,,,,,,4500000.0,,,158100000.0,,,,,,,,,,,,,,,,,10300000.0,,2900000.0,420000000.0,,,1900000.0,,2900000.0,,,,,,,,1400000.0,,,,2500000.0,,-1500000.0,,,,,,,,17100000.0,,,,,17100000.0,,0.003333,7500000.0,,,800000.0,,1100000.0,,6500000.0,1400000.0,40200000.0,,,,-600000.0,,10300000.0,,,,,,,,,,,,,,,,,,,,,,,,,,,,,,,,,,,
1970-01-01 00:00:00.678240000,,,,,,99700000.0,,,,,,,,,,,,660000000.0,,,,,149000000.0,,,,-600000.0,,,,5300000.0,5000000.0,,,,,,,,-16600000.0,,,3900000.0,,,11900000.0,,1400000.0,,,,,,-101200000.0,2400000.0,27600000.0,,,,100000.0,1700000.0,,,-400000.0,,,,-2000000.0,,,,15300000.0,0.001667,-2500000.0,,300000.0,119400000.0,44200000.0,,400000.0,,,,,,,,,-13500000.0,,,160900000.0,,,,,,,,,,,,,,,,,10000000.0,,2300000.0,660000000.0,,,2100000.0,,2300000.0,,,,,,,,1100000.0,,,,-13500000.0,,-1400000.0,,,,,,,,3500000.0,,,,,3500000.0,,0.001667,7200000.0,,,1000000.0,,1100000.0,,6700000.0,-4400000.0,41500000.0,,,,-1600000.0,,11900000.0,,,,,,,,,,,,,,,,,,,,,,,,,,,,,,,,,,,
1970-01-01 00:00:00.686188800,,,,,,83200000.0,,,,,,,,,,,,600000000.0,,,,,152500000.0,,,,-500000.0,,,,3600000.0,4700000.0,,,,,,,,-17500000.0,,,3300000.0,,,13000000.0,,300000.0,,,,,,-100200000.0,1100000.0,28400000.0,,,,100000.0,2100000.0,,,2500000.0,,,,-1800000.0,,,,14800000.0,0.001667,-2500000.0,,-1100000.0,122600000.0,45900000.0,,-800000.0,,,,,,,,,16800000.0,,,165500000.0,,,,,,,,,,,,,,,,,11200000.0,,1000000.0,600000000.0,,,2200000.0,,1000000.0,,,,,,,,1000000.0,,,,15100000.0,,0.0,,,,,,,,20400000.0,,,,,20400000.0,,0.001667,7700000.0,,,2500000.0,,1400000.0,,6800000.0,-2800000.0,42900000.0,,,,-2600000.0,,13000000.0,,,,,,,,,,,,,,,,,,,,,,,,,,,,,,,,,,,
1970-01-01 00:00:00.694137600,209200000.0,12600000.0,,,-5200000.0,134200000.0,,7900000.0,,,4500000.0,14300000.0,,,-18600000.0,,47300000.0,,3800000.0,,,3200000.0,239000000.0,,,44100000.0,-900000.0,,10900000.0,-8400000.0,3600000.0,5100000.0,,,,,,,,-18600000.0,,,3600000.0,300000.0,,14100000.0,89400000.0,0.0,18100000.0,,43900000.0,,,-99200000.0,1000000.0,28700000.0,,,,0.0,3000000.0,134200000.0,8900000.0,85100000.0,,,,-1300000.0,,14100000.0,,15400000.0,,1100000.0,-2500000.0,-1500000.0,209200000.0,47300000.0,,3600000.0,43300000.0,7200000.0,19400000.0,,,-2900000.0,,,36300000.0,7200000.0,675000000.0,253100000.0,,,,7500000.0,253100000.0,,,10900000.0,-5100000.0,239000000.0,,,,5100000.0,,,11800000.0,,1000000.0,,-48300000.0,,2500000.0,,1000000.0,,-99200000.0,61400000.0,0.006667,-37300000.0,,,1000000.0,86500000.0,,,-52400000.0,675000000.0,0.0,14100000.0,7300000.0,-1300000.0,1600000.0,,5900000.0,,56600000.0,,3200000.0,,8700000.0,56600000.0,28700000.0,,7900000.0,,,85100000.0,,1500000.0,56600000.0,7300000.0,600000.0,43900000.0,-2600000.0,,56600000.0,2300000.0,0.006667,14100000.0,,,,,,,,,,,,,,,,,,,,,,,,,,,,,,,,,,,
1970-01-01 00:00:00.702000000,,,,,,155800000.0,,,,,,,,,,,,480000000.0,,,56600000.0,,240300000.0,,,,-500000.0,,,,3400000.0,5300000.0,,,,,,,,-18800000.0,,,3900000.0,,,11500000.0,,-500000.0,,,,,,-98400000.0,900000.0,28100000.0,,,,100000.0,5200000.0,,,500000.0,,,,-2700000.0,,,,16100000.0,0.001667,200000.0,,-1900000.0,208400000.0,46900000.0,,4800000.0,,,,,,,,,-17900000.0,,,251800000.0,,,,,,,,,,,,,,,,,12700000.0,,800000.0,480000000.0,,,2700000.0,,800000.0,,,,,,,,800000.0,,,,-23200000.0,,,,,,,-20000000.0,,,38800000.0,,,,,38800000.0,,0.001667,8000000.0,,,500000.0,,1400000.0,,7300000.0,4600000.0,43400000.0,,,,2100000.0,,11500000.0,,,,,,,,,,,,,,,,,,,,,,,,,,,,,,,,,,,
1970-01-01 00:00:00.709862400,,,,,,154500000.0,,,,,,,,,,,,420000000.0,,,,,241700000.0,,,,-900000.0,,,,2900000.0,5500000.0,,,,,,,,-19200000.0,,,4200000.0,,,13800000.0,,-1300000.0,,,,,,-97700000.0,800000.0,30100000.0,,,,100000.0,1600000.0,,,600000.0,,,,-2600000.0,,,,18100000.0,0.001667,-2700000.0,,-2600000.0,209300000.0,49300000.0,,-1600000.0,,,,,,,,,-1900000.0,,,255400000.0,,,,,,,,,,,,,,,,,15200000.0,,700000.0,420000000.0,,,3200000.0,,700000.0,,,,,,,,700000.0,,,,-1000000.0,,,,,,,2500000.0,,,36800000.0,,,,,36800000.0,,0.001667,8200000.0,,,600000.0,,1200000.0,,7800000.0,-4200000.0,46100000.0,,,,-4200000.0,,13700000.0,,,,,,,,,,,,,,,,,,,,,,,,,,,,,,,,,,,
1970-01-01 00:00:00.717811200,,,,,,126000000.0,,,,,,,,,,,,740000000.0,,,,4100000.0,252400000.0,,,,-1000000.0,,,,20000000.0,11200000.0,,,,,,,,-20100000.0,,,9800000.0,,,20900000.0,,10300000.0,,,,,,-86600000.0,11600000.0,31400000.0,,,,500000.0,4100000.0,,,2100000.0,,,,-2200000.0,,,,37900000.0,0.015,-2300000.0,,8800000.0,229600000.0,51500000.0,,11400000.0,,,,,,,,,38600000.0,,,273300000.0,,,,,,,,16800000.0,,,,,,,,,17900000.0,,11100000.0,740000000.0,,,2700000.0,,11100000.0,,,,,,,,11100000.0,,,,25200000.0,,,,,,,,,,75400000.0,,,,,75400000.0,,0.015,4100000.0,,,2100000.0,,1500000.0,,8200000.0,-10200000.0,43700000.0,,,,9200000.0,,20900000.0,,,,,,,,,,,,,,,,,,,,,,,,,,,,,,,,,,,
1970-01-01 00:00:00.725760000,268400000.0,56600000.0,,,-15000000.0,149100000.0,,4000000.0,,,38300000.0,85800000.0,,,-21000000.0,,53300000.0,,35700000.0,,,3900000.0,285000000.0,8600000.0,,29200000.0,-500000.0,,22300000.0,-9400000.0,95000000.0,71200000.0,,,,,,,,-21000000.0,,,68200000.0,1600000.0,,26200000.0,10000000.0,26800000.0,121500000.0,,42800000.0,,,-60900000.0,26700000.0,32300000.0,,,,1000000.0,3700000.0,149100000.0,14600000.0,6800000.0,,,,-1900000.0,,26200000.0,,51500000.0,,-3000000.0,33700000.0,23800000.0,268400000.0,53300000.0,,28500000.0,2200000.0,38300000.0,92900000.0,,,,,,10400000.0,38300000.0,820714286.0,311200000.0,,,,39900000.0,311200000.0,,,22300000.0,-7800000.0,285000000.0,,,,7100000.0,,,-43500000.0,,25700000.0,,-23900000.0,,2900000.0,,25700000.0,,-60900000.0,123700000.0,0.046667,-11600000.0,,,25700000.0,10000000.0,,,-24900000.0,851111111.0,,26200000.0,6500000.0,28600000.0,9600000.0,,43100000.0,,85900000.0,,3900000.0,,11400000.0,85900000.0,32300000.0,,4000000.0,,,6800000.0,,3000000.0,85900000.0,6500000.0,-5200000.0,42800000.0,-2900000.0,,85900000.0,26600000.0,0.045,26200000.0,,,,,,,,,,,,,,,,,,,,,,,,,,,,,,,,,,,
1970-01-01 00:00:00.733536000,,,,,,204000000.0,,,,,,,,,,,,847500000.0,,,85900000.0,2900000.0,297400000.0,-3700000.0,,,-800000.0,,,,31500000.0,22100000.0,,,,,,,,-22000000.0,,,20300000.0,,,22500000.0,,11200000.0,,,,,,-49600000.0,12400000.0,32800000.0,,,,1100000.0,3100000.0,,,1100000.0,,,,-1500000.0,,,,32500000.0,0.013333,2300000.0,,9400000.0,278800000.0,54800000.0,,16700000.0,,,,,,,,,-38500000.0,,,319900000.0,,,,,,,,19600000.0,,,,,,,,,1000000.0,,11300000.0,847500000.0,,,2900000.0,,11300000.0,,,,,,,,11300000.0,,,,-56300000.0,,,,,,,-54000000.0,,,47400000.0,,,,,47400000.0,,0.013333,1700000.0,,,1100000.0,,1800000.0,,6600000.0,6000000.0,41100000.0,,,,15200000.0,,22500000.0,,,,,,,,,,,,,,,,,,,,,,,,,,,,,,,,,,,
1970-01-01 00:00:00.741398400,,,,,,186300000.0,,,,,,,,,,,,672000000.0,,,,3800000.0,304500000.0,13500000.0,,,-900000.0,,,,32800000.0,23700000.0,,,,,,,,-23200000.0,,,22000000.0,,,36000000.0,,10800000.0,,,,,,-44000000.0,6100000.0,34300000.0,,,,500000.0,3100000.0,,,1500000.0,,,,-2600000.0,,,,34700000.0,0.008333,6900000.0,,9100000.0,297000000.0,57500000.0,,14000000.0,,,,,,,,,29800000.0,,,340500000.0,,,,,,,,32200000.0,,,,,,,,,1900000.0,,5600000.0,672000000.0,,,-2900000.0,,5600000.0,,,,,,,,5600000.0,,,,14200000.0,,,,,,,17700000.0,,,77200000.0,,,,,77200000.0,,0.008333,2200000.0,,,1500000.0,,1600000.0,,7000000.0,,43500000.0,,,,11400000.0,,36000000.0,,,,,,,,,,,,,,,,,,,,,,,,,,,,,,,,,,,
1970-01-01 00:00:00.749347200,,,,,,195200000.0,,,,,,,,,,,,753333333.0,,,,2800000.0,317300000.0,-5700000.0,,,-400000.0,,,,32600000.0,24500000.0,,,,,,,,-24400000.0,,,23000000.0,,,30400000.0,,9700000.0,,,,,,-32700000.0,11600000.0,35600000.0,,,,300000.0,3200000.0,,,1500000.0,,,,-2600000.0,,,,33900000.0,0.015,-4200000.0,,8100000.0,303200000.0,60000000.0,,8700000.0,,,,,,,,,-2300000.0,,,347600000.0,,,,,,,,27600000.0,,,,,,,,,1300000.0,,11300000.0,753333333.0,,,3500000.0,,11300000.0,,,,,,,,11300000.0,,,,-12500000.0,,,,,,,-9500000.0,,,74900000.0,,,,,74900000.0,,0.015,1900000.0,,,1500000.0,,1600000.0,,6900000.0,,44400000.0,,,,6100000.0,,30300000.0,,,,,,,,,,,,,,,,,,,,,,,,,,,,,,,,,,,
1970-01-01 00:00:00.757296000,309400000.0,85900000.0,,,1700000.0,203200000.0,,1900000.0,,,32400000.0,102500000.0,,,-25600000.0,,64100000.0,,28400000.0,,,2900000.0,325200000.0,1400000.0,,-11300000.0,-600000.0,,28900000.0,-10800000.0,33900000.0,40300000.0,,,,,,,,-25600000.0,,,38600000.0,2200000.0,,31800000.0,7800000.0,-4700000.0,130900000.0,,47600000.0,,,-28500000.0,4500000.0,38500000.0,,,,300000.0,3700000.0,203200000.0,13100000.0,3700000.0,,,,-4100000.0,,31800000.0,,35200000.0,,2000000.0,36800000.0,-6400000.0,309400000.0,64100000.0,,8200000.0,5500000.0,32400000.0,109200000.0,,,,,,-300000.0,32400000.0,747692308.0,357000000.0,,,,34600000.0,357000000.0,,,28900000.0,7000000.0,325200000.0,,,,6700000.0,,,1300000.0,,4200000.0,,-66700000.0,,10800000.0,,4200000.0,,-28500000.0,136400000.0,0.043333,-53200000.0,,,4200000.0,7800000.0,,,-12100000.0,810000000.0,,31800000.0,7200000.0,21700000.0,5500000.0,-7400000.0,47600000.0,,74500000.0,,2900000.0,,12900000.0,74500000.0,38500000.0,,1900000.0,,,3700000.0,,1700000.0,74500000.0,7200000.0,1400000.0,47600000.0,-2700000.0,,74500000.0,4100000.0,0.04,31800000.0,,,,,,,,,,,,,,,,,,,,,,,,,,,,,,,,,,,
1970-01-01 00:00:00.765072000,,,,,,250900000.0,,,,,,,,,,,,840000000.0,,,74500000.0,4100000.0,335500000.0,-2200000.0,,,-500000.0,,,,40500000.0,31100000.0,,,,,,,,-26900000.0,,,6000000.0,,,29500000.0,,11200000.0,,,,,,-17200000.0,12900000.0,43800000.0,,,,1700000.0,3400000.0,,,2200000.0,23300000.0,,,-6600000.0,,,,41200000.0,0.013333,20900000.0,,9400000.0,311800000.0,70700000.0,,33700000.0,,,,,,,,,-21800000.0,,,365000000.0,,,,,,,,25400000.0,,,,,,,,,700000.0,,11200000.0,840000000.0,,,3500000.0,,11200000.0,,,,,,,,11200000.0,,,,-57700000.0,,,,,,,-50600000.0,,,52700000.0,,,,,52700000.0,,0.013333,2200000.0,,,2200000.0,,1800000.0,,7200000.0,23500000.0,53200000.0,,,,27100000.0,,29500000.0,,,,,,,,,,,,,,,,,,,,,,,,,,,,,,,,,,,
1970-01-01 00:00:00.772934400,,,,,,259000000.0,,,,,,,,,,,,360000000.0,,,,4500000.0,342000000.0,3200000.0,,,-800000.0,,,,32500000.0,35600000.0,,,,,,,,-28200000.0,,,7500000.0,,,32800000.0,,-1300000.0,,,,,,-16600000.0,800000.0,50700000.0,,,,200000.0,5200000.0,,,7700000.0,26300000.0,,,-8200000.0,,,,32800000.0,0.001667,-5800000.0,,-3100000.0,314700000.0,78900000.0,,-1800000.0,,,,,,,,,-13700000.0,,,374800000.0,,,,,,,,28300000.0,,,,,,,,,300000.0,,600000.0,360000000.0,,,4000000.0,,600000.0,,,,,,,,600000.0,,,,-19700000.0,,,,,,,-10700000.0,,,39100000.0,,,,,39100000.0,,0.001667,2100000.0,,,7700000.0,,1800000.0,,7300000.0,-8400000.0,60100000.0,,,,-10000000.0,,32800000.0,,,,,,,,,,,,,,,,,,,,,,,,,,,,,,,,,,,
1970-01-01 00:00:00.780883200,,,,,,234400000.0,,,,,,,,,,,,792000000.0,,,,5000000.0,320700000.0,25800000.0,,,-700000.0,,,,31700000.0,57900000.0,,,,,,,,-29700000.0,,,33000000.0,,,58500000.0,,-24100000.0,,,,,,-43000000.0,-26200000.0,59900000.0,,,,200000.0,5000000.0,,,4800000.0,22800000.0,,,-10700000.0,,,,31800000.0,-0.033333,33000000.0,,-26200000.0,309800000.0,89600000.0,,9500000.0,,,,,,,,,26500000.0,,,379300000.0,,,,,,,,53500000.0,,,,,,,,,100000.0,,-26400000.0,792000000.0,,,,,-26400000.0,,,,,,,,-26400000.0,,,,12200000.0,,,,,,,23600000.0,,,65500000.0,,,,,65500000.0,,-0.033333,2000000.0,,,4800000.0,,2100000.0,,7600000.0,6700000.0,69500000.0,,,,-1200000.0,,58600000.0,,,,,,,,,,,,,,,,,,,,,,,,,,,,,,,,,,,
1970-01-01 00:00:00.788832000,294784000.0,74546000.0,,,,8480000.0,,1800000.0,,,-4897000.0,24686000.0,,-5822000.0,,,73162000.0,,6149000.0,,,9991000.0,329934000.0,,37937000.0,-19864000.0,,,0.0,-43670000.0,33896000.0,23703000.0,,,,,,,,,,331000.0,-21814000.0,2990000.0,,47928000.0,0.0,12549000.0,146396000.0,,83078000.0,,,-33359000.0,10593000.0,73162000.0,,91213000.0,,890000.0,-10116000.0,8480000.0,3484000.0,845000.0,18813000.0,,,-18170000.0,,47928000.0,,42944000.0,,-19857000.0,-8784000.0,10193000.0,294784000.0,73162000.0,,-6514000.0,9948000.0,-4897000.0,148303000.0,,,,,18502000.0,-10864000.0,-4897000.0,196644000.0,377862000.0,,,,-1907000.0,377862000.0,18502000.0,213120000.0,0.0,28243000.0,329934000.0,,0.0,,8056000.0,37937000.0,15545000.0,9048000.0,213120000.0,9703000.0,,-70295000.0,,,,9703000.0,,-33359000.0,156344000.0,-0.025,-26625000.0,,,9703000.0,15545000.0,54682000.0,,-5095000.0,196644000.0,,47928000.0,8116000.0,-1907000.0,,11075000.0,34886000.0,0.0,54682000.0,,9991000.0,331000.0,0.0,267802000.0,73162000.0,,1800000.0,,,,,2356000.0,267802000.0,8116000.0,,83078000.0,0.0,,54682000.0,-24684000.0,-0.025,47928000.0,-5822000.0,,,,,,,,,,,,,,,,,,,,,,,,,,,,,,,,,,
1970-01-01 00:00:00.796608000,,,,,,227900000.0,,,,29800000.0,,,,,,,,840000000.0,,,54700000.0,5300000.0,336600000.0,-9300000.0,,,-700000.0,,,,31800000.0,32700000.0,,,,,,,,-33200000.0,,,10000000.0,,,39500000.0,,1400000.0,,,,,,-30500000.0,3000000.0,81500000.0,,,,200000.0,4800000.0,,,25700000.0,20400000.0,,,-10000000.0,,,,32000000.0,0.003333,-4500000.0,,-900000.0,308800000.0,114700000.0,,800000.0,,,,,,,0.0,,13700000.0,,,400300000.0,,,,,,,,33400000.0,,,,,,,,,200000.0,,2800000.0,840000000.0,,,4000000.0,,2800000.0,,,,,,24200000.0,,2800000.0,,,,-12800000.0,,,,,,,-31900000.0,,,68400000.0,800000.0,,,,68400000.0,,0.003333,1800000.0,,,25700000.0,,2300000.0,,8200000.0,6000000.0,91500000.0,,,,-9200000.0,,63700000.0,,,,,,,,,,,,,,,,,,,,,,,,,,,,,,,,,,,
1970-01-01 00:00:00.804470400,,,,,,238500000.0,,,,78800000.0,,,,,,,,420000000.0,,,,8200000.0,342400000.0,-1600000.0,,,-400000.0,,,,32600000.0,36100000.0,,,,,,,,-35300000.0,,,12100000.0,,,38700000.0,,-800000.0,,,,,,-29800000.0,900000.0,92400000.0,,,,200000.0,5600000.0,,,2100000.0,21300000.0,,,-13000000.0,,,,32700000.0,0.001667,-7000000.0,,-3500000.0,302100000.0,127700000.0,,-3400000.0,,,,,,,0.0,,-21600000.0,,,404400000.0,,,,,,,,28800000.0,,,,,,,,,100000.0,,700000.0,420000000.0,,,4200000.0,,700000.0,,,,,,23300000.0,,700000.0,,,,-20300000.0,,,,,,,-85700000.0,,,46700000.0,1700000.0,,,,46700000.0,,0.001667,1900000.0,,,2100000.0,,2700000.0,,8000000.0,-4400000.0,102300000.0,,,,-16400000.0,,62000000.0,,,,,,,,,,,,,,,,,,,,,,,,,,,,,,,,,,,
1970-01-01 00:00:00.812419200,,,,,,245800000.0,,,,55300000.0,,,,,,,,660000000.0,,,,8500000.0,358700000.0,4200000.0,,,-600000.0,,,,33700000.0,36400000.0,,,,,,,,-37500000.0,,,11100000.0,,,42900000.0,,100000.0,,,,,,-28700000.0,1900000.0,100400000.0,,,,800000.0,5200000.0,,,20400000.0,22500000.0,,,-10200000.0,,,,33900000.0,0.001667,-3300000.0,,-2700000.0,316700000.0,137900000.0,,1500000.0,,,,,,,0.0,,5700000.0,,,430700000.0,,,,,,,,32700000.0,,,,,,,,,200000.0,,1100000.0,660000000.0,,,4300000.0,,1100000.0,,,,,,29100000.0,,1100000.0,,,,-16100000.0,,,,,,,-60600000.0,,,52500000.0,1700000.0,,,,52500000.0,,0.001667,5600000.0,,,20400000.0,,2800000.0,,8000000.0,-1500000.0,114000000.0,,,,-8700000.0,,72000000.0,,,,,,,,,,,,,,,,,,,,,,,,,,,,,,,,,,,
1970-01-01 00:00:00.820368000,340309000.0,54682000.0,,,,12749000.0,,5856000.0,,143121000.0,5660000.0,40293000.0,,1176000.0,,,115048000.0,,18361000.0,-833000.0,,12512000.0,382980000.0,,39216000.0,-8912000.0,,,0.0,-50309000.0,,28642000.0,,,,,,,,,1667000.0,355000.0,7193000.0,1785000.0,,53395000.0,39459000.0,17061000.0,141187000.0,,128892000.0,,,-27699000.0,1445000.0,115048000.0,,87448000.0,,485000.0,-17348000.0,12749000.0,-1748000.0,25752000.0,23248000.0,,,-17109000.0,,86221000.0,,53091000.0,,9421000.0,-40860000.0,13945000.0,340309000.0,115048000.0,,10549000.0,10504000.0,5660000.0,133742000.0,,32826000.0,,0.0,19612000.0,-6712000.0,5660000.0,218670000.0,469201000.0,,,,7445000.0,469201000.0,19612000.0,262178000.0,0.0,-5379000.0,382980000.0,,32826000.0,307021000.0,10916000.0,39216000.0,,,262178000.0,960000.0,,-92313000.0,,-12500000.0,,960000.0,,-27699000.0,151691000.0,0.026667,-349025000.0,32826000.0,,960000.0,73952000.0,45770000.0,,-43113000.0,705000000.0,,53395000.0,7988000.0,7445000.0,,-170825000.0,9449000.0,32826000.0,45770000.0,1667000.0,12512000.0,355000.0,0.0,307948000.0,115048000.0,,5856000.0,,0.0,-8741000.0,,3116000.0,307948000.0,7988000.0,,128892000.0,0.0,,45770000.0,-6560000.0,0.026667,86221000.0,1176000.0,,,,,,,,,,,,,,,,,,,,,,,,,,,,,,,,,,
1970-01-01 00:00:00.828230400,,,,,,267100000.0,,,,118100000.0,,,,,,,,740000000.0,,,45800000.0,9100000.0,381300000.0,-7300000.0,,,-100000.0,,,,33800000.0,41800000.0,,,,,,,,-43000000.0,,,13700000.0,,,50700000.0,,-4400000.0,,,,,,-31400000.0,-3500000.0,131200000.0,,,,200000.0,7700000.0,,,11500000.0,24500000.0,,,-15100000.0,,,,34400000.0,-0.005,-9000000.0,,-8000000.0,327300000.0,174200000.0,,-8600000.0,,,,,,,100000.0,,-13300000.0,,,472000000.0,,,,,,,,39900000.0,,,,,,,,,600000.0,,-3700000.0,740000000.0,,,4500000.0,,-3700000.0,11900000.0,,,,,39900000.0,,-3700000.0,,,,-16200000.0,,,,,,,-119100000.0,,,32500000.0,1700000.0,,,,32500000.0,,-0.005,6100000.0,,,11500000.0,,3600000.0,,7400000.0,3800000.0,144700000.0,,,,-23700000.0,,90700000.0,,,,,,,,,,,,,,,,,,,,,,,,,,,,,,,,,,,
1970-01-01 00:00:00.836092800,,,,,,233900000.0,,,,94600000.0,,,,,,,,780000000.0,,,,15400000.0,374200000.0,15400000.0,,,-1500000.0,,,,41100000.0,53500000.0,,,,,,,,-46000000.0,,,20500000.0,,,64400000.0,,-8700000.0,,,,,,-40500000.0,-8300000.0,146500000.0,,,,800000.0,6700000.0,,,13200000.0,29300000.0,,,-20500000.0,,,,41200000.0,-0.011667,-1300000.0,,-12400000.0,328100000.0,192500000.0,,-7400000.0,,,,,,,100000.0,,17600000.0,,,489700000.0,,,,,,,,47300000.0,,,,,,,,,100000.0,,-9100000.0,780000000.0,,,4200000.0,,-9100000.0,16600000.0,,,,,51000000.0,,-9100000.0,,,,11800000.0,,,,,,,-60800000.0,,,50100000.0,1700000.0,,,,50100000.0,,-0.011667,6800000.0,,,13200000.0,,3700000.0,,8300000.0,-11700000.0,161600000.0,,,,-27900000.0,,115500000.0,,,,,,,,,,,,,,,,,,,,,,,,,,,,,,,,,,,
1970-01-01 00:00:00.844041600,,,,,,269300000.0,,,,91800000.0,,,,,,,,845625000.0,,,,9900000.0,461100000.0,4000000.0,,,-100000.0,,,,90300000.0,53700000.0,,,,,,,,-49300000.0,,,19400000.0,,0.0,66300000.0,,40500000.0,,,,,,4600000.0,40800000.0,157200000.0,,,,-4300000.0,7900000.0,,,11200000.0,30400000.0,,,-15000000.0,,,,96800000.0,0.05,-34400000.0,,36600000.0,414600000.0,206500000.0,,10400000.0,,,,,,,0.0,,12500000.0,,,587400000.0,,,,,,,,54700000.0,,,,,,,,,6500000.0,,45100000.0,902000000.0,,,4100000.0,,45100000.0,16800000.0,,,,,60000000.0,,45100000.0,,,,-9000000.0,,,,,,,-85700000.0,,,62600000.0,1700000.0,,,,62600000.0,,0.053333,15600000.0,,,11200000.0,,3900000.0,,,-38300000.0,172800000.0,,,,-4600000.0,,126300000.0,,,,,,,,,,,,,,,,,,,,,,,,,,,,,,,,,,,
1970-01-01 00:00:00.851990400,435754000.0,45770000.0,,,,23533000.0,,7034000.0,,65752000.0,40530000.0,73632000.0,-5541000.0,-809000.0,,,165323000.0,,56093000.0,-1666000.0,,15722000.0,484370000.0,,68209000.0,16262000.0,-15074000.0,,0.0,-65636000.0,83465000.0,58736000.0,,,,,,,,,4017000.0,725000.0,20032000.0,299000.0,-866000.0,87948000.0,31778000.0,28793000.0,248565000.0,,198818000.0,,,12831000.0,11829000.0,165323000.0,,132384000.0,,3599000.0,-21618000.0,23533000.0,682000.0,15874000.0,48184000.0,,,-15036000.0,-41000.0,150202000.0,,104790000.0,,40304000.0,-19097000.0,24729000.0,435754000.0,165323000.0,,52139000.0,28525000.0,40530000.0,207736000.0,,62254000.0,,0.0,42952000.0,-538000.0,40530000.0,439326000.0,634572000.0,,,,40829000.0,634572000.0,42952000.0,259349000.0,0.0,-4396000.0,484370000.0,16003000.0,62254000.0,370252000.0,15264000.0,68209000.0,19996000.0,21325000.0,259349000.0,8230000.0,,-82051000.0,,-12800000.0,,8230000.0,,12831000.0,277090000.0,0.091667,-369893000.0,62254000.0,,8230000.0,51774000.0,62032000.0,,-68651000.0,922857143.0,,87948000.0,10458000.0,40829000.0,,-104293000.0,46539000.0,62254000.0,62032000.0,4017000.0,15722000.0,725000.0,0.0,321381000.0,165323000.0,,7034000.0,,0.0,,16003000.0,4064000.0,321381000.0,10458000.0,,198818000.0,-16774000.0,,62032000.0,37103000.0,0.091667,150202000.0,-809000.0,,,,,,,,,,,,,,,,,,,,,,,,,,,,,,,,,,
1970-01-01 00:00:00.859766400,,,,,,334100000.0,,,,106500000.0,,,,,,,,850000000.0,,,62000000.0,19400000.0,535800000.0,-3500000.0,,,-12600000.0,,,,87400000.0,63500000.0,,,,,,,,-56300000.0,,,21200000.0,,,82400000.0,,28300000.0,,,,,,29800000.0,28600000.0,166300000.0,,,,11600000.0,8800000.0,,,23300000.0,37900000.0,,,-8500000.0,9500000.0,,,94800000.0,0.018333,-7200000.0,,23900000.0,479400000.0,222600000.0,,25900000.0,,,,,,,0.0,,39400000.0,,,684200000.0,,,,,,,,58200000.0,,,,,,,,,7400000.0,,17000000.0,927272727.0,,,4900000.0,,17000000.0,,,,,,66000000.0,,17000000.0,,,,-9800000.0,,,,,,,-95200000.0,,,101500000.0,4800000.0,,,,101500000.0,,0.02,26200000.0,,,23300000.0,,4400000.0,,12300000.0,-900000.0,204800000.0,,,,17400000.0,,148400000.0,,,,,,,,,,,,,,,,,,,,,,,,,,,,,,,,,,,
1970-01-01 00:00:00.867628800,,,,,,365300000.0,,,,86300000.0,,,,,,,,852857143.0,,,,11500000.0,558900000.0,-100000.0,,,9100000.0,,,,85700000.0,57500000.0,,,,,,,,-57700000.0,,,20800000.0,,,81700000.0,,32900000.0,,,,,,49800000.0,33400000.0,167300000.0,,,,13500000.0,9300000.0,,,900000.0,32000000.0,,,-5000000.0,11200000.0,,,92400000.0,0.021667,-22900000.0,,28200000.0,498400000.0,225000000.0,,13300000.0,,,,,,,0.0,,-28200000.0,,,704900000.0,,,,,,,,65300000.0,,,,,,,,,6700000.0,,19900000.0,918461538.0,,,5200000.0,,19900000.0,,,,,,64300000.0,,19900000.0,,,,-42400000.0,,,,,,,-132800000.0,,,73300000.0,4900000.0,,,,73300000.0,,0.023333,26600000.0,,,900000.0,,4700000.0,,12600000.0,-16000000.0,206500000.0,,,,8300000.0,,146000000.0,,,,,,,,,,,,,,,,,,,,,,,,,,,,,,,,,,,
1970-01-01 00:00:00.875577600,,,,,,403900000.0,,,,82000000.0,,,,,,,,878571429.0,,,,19900000.0,587900000.0,13600000.0,,,-14100000.0,,,,92600000.0,64100000.0,,,,,,,,-61500000.0,,,22600000.0,,-800000.0,95900000.0,,33000000.0,,,,,,70300000.0,34100000.0,171500000.0,,,,13600000.0,9200000.0,,,0.0,37000000.0,,,-7400000.0,10400000.0,,,100600000.0,0.023333,15100000.0,,28500000.0,525800000.0,233000000.0,,50200000.0,,,,,,,0.0,,-10700000.0,,,747300000.0,,,,,,,,71100000.0,,,,,,,,,8000000.0,,20500000.0,878571429.0,,,5600000.0,,20500000.0,,,,,,63500000.0,,20500000.0,,,,-60800000.0,,,,,,,-121300000.0,,,62600000.0,4900000.0,,,,62600000.0,,0.023333,35200000.0,,,0.0,,4500000.0,,14800000.0,500000.0,221500000.0,,,,42800000.0,,159400000.0,,,,,,,,,,,,,,,,,,,,,,,,,,,,,,,,,,,
1970-01-01 00:00:00.883526400,596066000.0,62032000.0,,,,31973000.0,,11237000.0,,98330000.0,89167000.0,90098000.0,22462000.0,-2270000.0,,-7000000.0,174492000.0,,168264000.0,-4082000.0,,15820000.0,536293000.0,,78358000.0,8326000.0,6600000.0,,0.0,-35550000.0,118056000.0,49488000.0,,,,,,,,,29705000.0,741000.0,25298000.0,59801000.0,-1682000.0,123883000.0,23164000.0,74264000.0,383856000.0,,217759000.0,,,25327000.0,52868000.0,174492000.0,,145501000.0,,21101000.0,-24605000.0,31973000.0,2695000.0,41697000.0,38501000.0,,,-14650000.0,-8638000.0,277532000.0,,146144000.0,,-20988000.0,62082000.0,68568000.0,596066000.0,174492000.0,,8232000.0,50188000.0,89167000.0,234888000.0,,61846000.0,,15132000.0,86802000.0,7826000.0,89167000.0,442872000.0,813825000.0,,,,148968000.0,813825000.0,86802000.0,369730000.0,0.0,-35988000.0,536293000.0,17095000.0,153649000.0,373130000.0,19296000.0,78358000.0,24453000.0,28088000.0,369730000.0,31767000.0,,-155203000.0,,-15800000.0,,31767000.0,,25327000.0,434044000.0,0.201667,-481783000.0,61846000.0,,31767000.0,65897000.0,70358000.0,,-42203000.0,459000000.0,,123883000.0,14935000.0,148968000.0,,-132483000.0,97632000.0,153649000.0,70358000.0,29705000.0,15820000.0,741000.0,0.0,440088000.0,174492000.0,,11237000.0,,15132000.0,-1036000.0,17095000.0,5696000.0,440088000.0,14935000.0,,217759000.0,-11000000.0,,70358000.0,-6418000.0,0.195,277532000.0,-2270000.0,,,,,,,,,,,,,,,,,,,,,,,,,,,,,,,,,,
1970-01-01 00:00:00.891302400,,,,,,459100000.0,-21500000.0,,,198900000.0,,,,,,,,877894737.0,,,70400000.0,16400000.0,575100000.0,-6600000.0,,,-6500000.0,,,,105300000.0,68700000.0,,,,,,,,-71300000.0,,,26000000.0,,-2300000.0,115400000.0,,42200000.0,,,,,,73100000.0,43400000.0,173800000.0,,,,15600000.0,11100000.0,,,-12600000.0,37100000.0,,,-4400000.0,8500000.0,,,114500000.0,0.03,-300000.0,,36600000.0,598700000.0,245100000.0,,42300000.0,,,,,,,72300000.0,,-4800000.0,,,823800000.0,,,,,,,,70800000.0,,,,,,,,,9200000.0,,27800000.0,926666667.0,,,6900000.0,,27800000.0,,,,,,61000000.0,,27800000.0,,,,-34500000.0,,,,,,,-222500000.0,,,65600000.0,28200000.0,,,,65600000.0,,0.031667,35700000.0,,,-12600000.0,,5600000.0,,15600000.0,12800000.0,225100000.0,,,,37900000.0,,248700000.0,,,,,,,,,,,,,,,,,,,,,,,,,,,,,,,,,,,
1970-01-01 00:00:00.899164800,,,,,,454900000.0,-7300000.0,,,132900000.0,,,,,,,,856363636.0,,,,17800000.0,619500000.0,-800000.0,,,-1500000.0,,,,117600000.0,76600000.0,,,,,,,,-76300000.0,,,28500000.0,,-10400000.0,105600000.0,,47000000.0,,,,,,127900000.0,47200000.0,177800000.0,,,,15800000.0,12200000.0,,,-15100000.0,42100000.0,,,-8700000.0,4700000.0,,,128800000.0,0.035,-15300000.0,,41000000.0,612300000.0,254100000.0,,26200000.0,,,,,,,49100000.0,,6300000.0,,,833600000.0,,,,,,,,68300000.0,,,,,,,,,11200000.0,,31400000.0,897142857.0,,,6300000.0,,31400000.0,,,,,,59400000.0,,31400000.0,,,,-4800000.0,,,,,,,-127500000.0,,,71800000.0,19500000.0,,,,71800000.0,,0.036667,27400000.0,,,-15100000.0,,6000000.0,,16100000.0,-11600000.0,221300000.0,,,,17500000.0,,214100000.0,,,,,,,,,,,,,,,,,,,,,,,,,,,,,,,,,,,
1970-01-01 00:00:00.907113600,,,,,,487000000.0,-22100000.0,,,26100000.0,,,,,,,,867692308.0,,,,17500000.0,668800000.0,22300000.0,,,-800000.0,,,,132800000.0,83900000.0,,,,,,,,-81300000.0,,,28400000.0,,3400000.0,131600000.0,,55300000.0,,,,,,185400000.0,56000000.0,178700000.0,,,,18400000.0,12600000.0,,,-5300000.0,49100000.0,,,-6400000.0,-1700000.0,,,145900000.0,0.041667,14600000.0,,48900000.0,671400000.0,260000000.0,,57300000.0,,,,,,,29600000.0,,22300000.0,,,888600000.0,,,,,,,,90400000.0,,,,,,,,,13100000.0,,37600000.0,902400000.0,,,7000000.0,,37600000.0,,,,,,58600000.0,,37600000.0,,,,-29800000.0,,,,,,,-48700000.0,,,94200000.0,23700000.0,,,,94200000.0,,0.043333,22400000.0,,,-5300000.0,,6400000.0,,16100000.0,-4600000.0,217200000.0,,,,50900000.0,,219800000.0,,,,,,,,,,,,,,,,,,,,,,,,,,,,,,,,,,,
1970-01-01 00:00:00.915062400,694144000.0,70358000.0,,,,49365000.0,-14650000.0,19483000.0,,96052000.0,138697000.0,115211000.0,7486000.0,-13165000.0,,-65550000.0,182551000.0,,215229000.0,-29703000.0,,24896000.0,718613000.0,,105305000.0,-44913000.0,3800000.0,,0.0,-33611000.0,127478000.0,62539000.0,,,,,,,,,4888000.0,741000.0,31611000.0,71496000.0,-20403000.0,135089000.0,-29703000.0,71529000.0,483078000.0,,230571000.0,,,213507000.0,63493000.0,182551000.0,,177228000.0,,21596000.0,-36788000.0,49365000.0,-888000.0,-21078000.0,48928000.0,,,-14111000.0,-4014000.0,206102000.0,,168387000.0,,-1040000.0,134234000.0,64939000.0,694144000.0,182551000.0,,42045000.0,74509000.0,138697000.0,292439000.0,,56960000.0,,14053000.0,101281000.0,-68713000.0,138697000.0,442608000.0,924715000.0,,,,210193000.0,924715000.0,101281000.0,491469000.0,0.0,-2040000.0,718613000.0,12668000.0,71013000.0,453952000.0,24590000.0,105305000.0,41175000.0,40909000.0,491469000.0,41897000.0,,-158680000.0,,-1446000.0,,41897000.0,,213507000.0,557587000.0,0.313333,-574021000.0,56960000.0,,41897000.0,-54078000.0,25445000.0,,-89580000.0,462810000.0,,135089000.0,15869000.0,190639000.0,,-175321000.0,167845000.0,71013000.0,25445000.0,4888000.0,24896000.0,741000.0,19554000.0,516914000.0,182551000.0,,19483000.0,,14053000.0,,12668000.0,6590000.0,516914000.0,15869000.0,,230571000.0,-5000000.0,,25445000.0,27934000.0,0.3,206102000.0,-13165000.0,,,,,,,,,,,,,,,,,,,,,,,,,,,,,,,,,,
1970-01-01 00:00:00.922838400,,,,,,599600000.0,,,,110700000.0,,,,,,,,884516129.0,,,25400000.0,17400000.0,848600000.0,-22700000.0,,,-1100000.0,,,,153400000.0,91500000.0,,,,,,,,-92400000.0,,,33900000.0,,-800000.0,110500000.0,,68500000.0,,,,,,257400000.0,68200000.0,189300000.0,,,,22500000.0,13200000.0,,,78700000.0,51000000.0,,,-12600000.0,-1500000.0,,,171700000.0,0.048333,-20700000.0,,61900000.0,798700000.0,281700000.0,,29800000.0,,,,,,,14700000.0,,66000000.0,,,1030000000.0,,,,,,,,88200000.0,,,,,,,,,18300000.0,,45700000.0,945517241.0,,,6200000.0,,45700000.0,,,,,,56200000.0,,45700000.0,,,,-42500000.0,,,,,,,-139500000.0,,,91400000.0,4900000.0,,,,91400000.0,,0.051667,25800000.0,,,78700000.0,,6600000.0,,16200000.0,-900000.0,231300000.0,,,,17200000.0,,181400000.0,,,,,,,,,,,,,,,,,,,,,,,,,,,,,,,,,,,
1970-01-01 00:00:00.930700800,,,,,,643500000.0,,,,147600000.0,,,,,,,,897931034.0,,,,23600000.0,866900000.0,11000000.0,,,-500000.0,,,,170800000.0,96800000.0,,,,,,,,-98600000.0,,,37000000.0,,-1600000.0,119000000.0,,82900000.0,,,,,,285000000.0,64800000.0,196500000.0,,,,21400000.0,17800000.0,,,-44100000.0,50900000.0,,,-13400000.0,3600000.0,,,188900000.0,0.046667,-10300000.0,,74000000.0,816600000.0,295100000.0,,61600000.0,,,,,,,15000000.0,,-38800000.0,,,1055400000.0,,,,,,,,90500000.0,,,,,,,,,18100000.0,,43400000.0,930000000.0,,,-9300000.0,,43400000.0,,,,,,54500000.0,,43400000.0,,,,-56300000.0,,,,,,,-190000000.0,,,52700000.0,4900000.0,,,,52700000.0,,0.048333,28300000.0,,,-44100000.0,,8900000.0,,14000000.0,-11000000.0,238800000.0,,,,48200000.0,,188500000.0,,,,,,,,,,,,,,,,,,,,,,,,,,,,,,,,,,,
1970-01-01 00:00:00.938649600,,,,,,77000000.0,-37900000.0,,,98400000.0,,,,,,,,907317073.0,,,,20000000.0,942500000.0,9700000.0,,,-1400000.0,,,,187000000.0,102600000.0,,,,,,,,-104400000.0,,,36500000.0,,-800000.0,128300000.0,,91500000.0,,,,,,304800000.0,92600000.0,208400000.0,,,,30600000.0,14200000.0,,,9700000.0,59000000.0,,,-17800000.0,-400000.0,,,208400000.0,0.065,1500000.0,,84400000.0,879500000.0,312800000.0,,71400000.0,,,,,,,15500000.0,,20800000.0,,,1140000000.0,,,,,,,599100000.0,103400000.0,,,,,,,,,21400000.0,,62000000.0,953846154.0,,,8100000.0,,62000000.0,,,,,,53700000.0,,62000000.0,,,,-60300000.0,,,,,,,-139500000.0,,,73500000.0,4900000.0,,1500000.0,,672600000.0,,0.068333,37900000.0,,,9700000.0,,7100000.0,,14200000.0,-16700000.0,260500000.0,,,,53600000.0,,197500000.0,,,,,,,,,,,,,,,,,,,,,,,,,,,,,,,,,,,
1970-01-01 00:00:00.946598400,910226000.0,25445000.0,,,,67759000.0,-91217000.0,16082000.0,,649765000.0,220450000.0,146026000.0,-23981000.0,45618000.0,,-197717000.0,239777000.0,,347350000.0,-4887000.0,73500000.0,30125000.0,979530000.0,,155257000.0,31475000.0,-7000000.0,56920000.0,0.0,-86327000.0,172030000.0,76379000.0,,,,,,,,,4888000.0,1507000.0,38726000.0,108566000.0,-1687000.0,190270000.0,-4887000.0,104150000.0,683430000.0,,367747000.0,,,352016000.0,103516000.0,239777000.0,,221153000.0,,34166000.0,-24751000.0,67759000.0,20449000.0,-75033000.0,60253000.0,,,-42527000.0,-25681000.0,298443000.0,,225335000.0,,53771000.0,185961000.0,95651000.0,910226000.0,239777000.0,,109488000.0,111005000.0,220450000.0,367179000.0,,108173000.0,,0.0,137363000.0,-16525000.0,220450000.0,449763000.0,1277973000.0,,,,329016000.0,1277973000.0,137363000.0,597619000.0,0.0,24271000.0,979530000.0,98017000.0,108173000.0,1006465000.0,31099000.0,155257000.0,171871000.0,53305000.0,597619000.0,69350000.0,,-210080000.0,,7765000.0,,69350000.0,,352016000.0,794435000.0,0.49,-1120218000.0,108173000.0,,69350000.0,-30733000.0,56920000.0,,-50980000.0,473364000.0,,190270000.0,13871000.0,316251000.0,,-651218000.0,272288000.0,108173000.0,56920000.0,4888000.0,30125000.0,1507000.0,12765000.0,654539000.0,239777000.0,,16082000.0,,0.0,,98017000.0,8499000.0,654539000.0,13871000.0,,367747000.0,-10000000.0,,56920000.0,66961000.0,0.466667,298443000.0,45618000.0,,,,,,,,,,,,,,,,,,,,,,,,,,,,,,,,,,
1970-01-01 00:00:00.954460800,,,,,,92253000.0,-149470000.0,,,321948000.0,,,,24519000.0,,,,451080000.0,,,56920000.0,24227000.0,1017778000.0,,,,0.0,102039000.0,,,188225000.0,104189000.0,,,,,,,,-117881000.0,,,41183000.0,,-805000.0,162681000.0,,92269000.0,,,,,,382328000.0,183060000.0,263818000.0,,,0.0,61694000.0,-93227000.0,,,-62172000.0,63006000.0,,,-35902000.0,273000.0,,,216848000.0,0.256667,-18917000.0,,84036000.0,954652000.0,381699000.0,,17728000.0,,,,,,,57873000.0,,45119000.0,,,1289600000.0,,,,,,135494000.0,566791000.0,0.0,,,44228000.0,109141000.0,,,133566000.0,,28623000.0,,121366000.0,473136000.0,,,99024000.0,,121366000.0,,,,,,51268000.0,,121366000.0,,,,89563000.0,,,,,,,-196483000.0,,,102039000.0,4888000.0,,1512000.0,,668830000.0,,0.27,13019000.0,,,88103000.0,,8233000.0,,13883000.0,,334948000.0,,,,-18174000.0,,271822000.0,,,,,,,,,,,,,,,,,,,,,,,,,,,,,,,,,,,
1970-01-01 00:00:00.962323200,,,,,,75613000.0,-101257000.0,,,173191000.0,,,,29599000.0,,,,445929000.0,,,102039000.0,23467000.0,1003193000.0,,,,0.0,67462000.0,,,199719000.0,112622000.0,,,,,,,,-124715000.0,,,40921000.0,,-1638000.0,212159000.0,,95185000.0,,,,,,435481000.0,103834000.0,302799000.0,,,0.0,31774000.0,-5205000.0,,,-93392000.0,71701000.0,,,-46748000.0,-5000.0,,,230514000.0,0.156667,21461000.0,,87097000.0,941832000.0,427514000.0,,96399000.0,,,,,,,56279000.0,,-34577000.0,,,1321261000.0,,,,,,154301000.0,584725000.0,0.0,,,46422000.0,105909000.0,,,183804000.0,,30795000.0,,72060000.0,462450000.0,,,16737000.0,,72060000.0,,,,,,49630000.0,,72060000.0,,,,-37584000.0,,,,,,,-164027000.0,,,67462000.0,4888000.0,,1514000.0,,652187000.0,,0.16,16646000.0,,,9503000.0,,8088000.0,,13562000.0,,379429000.0,,,,49651000.0,,318068000.0,,,,,,,,,,,,,,,,,,,,,,,,,,,,,,,,,,,
1970-01-01 00:00:00.970272000,,,,,,68237000.0,-29679000.0,,,130954000.0,,,,34400000.0,,,,444222000.0,,,67462000.0,20382000.0,1061206000.0,,,,0.0,35849000.0,,,200727000.0,136243000.0,,,,,,,,-128997000.0,,,41745000.0,,-806000.0,235812000.0,,70047000.0,,,,,,472328000.0,97688000.0,350704000.0,,,0.0,29307000.0,-16000.0,,,-16218000.0,94498000.0,,,-53321000.0,-52000.0,,,233754000.0,0.146667,3104000.0,,64484000.0,929240000.0,479701000.0,,76980000.0,,,,,,,57214000.0,,-31613000.0,,,1403056000.0,,,,,,145690000.0,623185000.0,0.0,,,86780000.0,106038000.0,,,210542000.0,,33027000.0,,68381000.0,461106000.0,,,33204000.0,,68381000.0,,,,,,48824000.0,,68381000.0,,,,-92375000.0,,,,,,,-170008000.0,,,35849000.0,4888000.0,,1516000.0,,659034000.0,,0.153333,22917000.0,,,14267000.0,,5563000.0,,13415000.0,,473816000.0,,,,23659000.0,,341850000.0,,,,,,,,,,,,,,,,,,,,,,,,,,,,,,,,,,,
1970-01-01 00:00:00.978220800,928271000.0,56920000.0,,,,62634000.0,-19786000.0,17664000.0,,100193000.0,333577000.0,170058000.0,25203000.0,22376000.0,,-300192000.0,400429000.0,,367180000.0,-4888000.0,35849000.0,37869000.0,1106402000.0,,178264000.0,-8183000.0,-5000000.0,48737000.0,0.0,-199115000.0,212583000.0,119844000.0,,,,,,,,,4888000.0,1517000.0,46209000.0,153528000.0,-1639000.0,221021000.0,-4888000.0,109679000.0,801254000.0,,503585000.0,,,543913000.0,102523000.0,400429000.0,,302840000.0,35955000.0,30753000.0,77773000.0,62634000.0,-20675000.0,-97343000.0,73635000.0,,,-63144000.0,24987000.0,325454000.0,,245336000.0,,-16638000.0,166824000.0,92739000.0,928271000.0,400429000.0,,174832000.0,125198000.0,333577000.0,472898000.0,,104433000.0,,0.0,143178000.0,12888000.0,333577000.0,446229000.0,1431856000.0,,,,487105000.0,1431856000.0,143178000.0,633675000.0,0.0,-10990000.0,1106402000.0,71982000.0,104433000.0,726286000.0,38824000.0,178264000.0,35955000.0,32753000.0,633675000.0,71770000.0,,-104997000.0,,9784000.0,,71770000.0,,543913000.0,926452000.0,0.746667,-627168000.0,104433000.0,,71770000.0,-269125000.0,48737000.0,,-64601000.0,463806000.0,,221021000.0,13510000.0,328356000.0,,-96650000.0,365939000.0,104433000.0,48737000.0,4888000.0,37869000.0,1517000.0,158749000.0,682412000.0,400429000.0,,17664000.0,,0.0,-113512000.0,71982000.0,16940000.0,682412000.0,13510000.0,,503585000.0,-5000000.0,,48737000.0,111688000.0,0.72,325454000.0,22376000.0,,,,,,,,,,,,,,,,,,,,,,,,,,,,,,,,,,
1970-01-01 00:00:00.985996800,,,,,,61565000.0,-5047000.0,,,406398000.0,,,,6477000.0,,,,148188000.0,,,48737000.0,41707000.0,1180357000.0,,,,0.0,28455000.0,,,207901000.0,121330000.0,,,,,,,,-145000000.0,,,48560000.0,,-805000.0,226187000.0,,95348000.0,,,,,,571189000.0,103034000.0,428625000.0,,,0.0,30911000.0,9618000.0,,,4526000.0,72770000.0,,,-37401000.0,-70000.0,,,237047000.0,0.47,-1094000.0,,86571000.0,1004872000.0,573625000.0,,89354000.0,,,,,,,0.0,,-20282000.0,,,1505583000.0,,,,,,146804000.0,719572000.0,0.0,,,39393000.0,99039000.0,,,179592000.0,,29146000.0,,72123000.0,153491000.0,,,16463000.0,,72123000.0,,,,,,99039000.0,,72123000.0,,,,-114162000.0,,,,,,,-483159000.0,,,28455000.0,4888000.0,,1517000.0,,748027000.0,,0.49,18755000.0,,,10378000.0,,8777000.0,,13938000.0,,500711000.0,,,,51953000.0,,325226000.0,,,,,,,,,,,,,,,,,,,,,,,,,,,,,,,,,,,
1970-01-01 00:00:00.993859200,,,,,,56683000.0,-16396000.0,,,173117000.0,,,,13721000.0,,,,148602000.0,,,28455000.0,49239000.0,1260743000.0,,,,0.0,75972000.0,,,225460000.0,134384000.0,,,,,,,,-153865000.0,,,55266000.0,,-1639000.0,234982000.0,,100369000.0,,,,,,610900000.0,102609000.0,474104000.0,,,,30757000.0,10100000.0,,,-11221000.0,79118000.0,,,-55920000.0,156000.0,,,260662000.0,0.47,-8536000.0,,91076000.0,1027133000.0,627969000.0,,82865000.0,,,,,,,0.0,,47517000.0,,,1593896000.0,,,,,,166457000.0,684024000.0,0.0,,,57241000.0,98171000.0,,,180855000.0,,35202000.0,,71852000.0,153337000.0,,,11533000.0,,71852000.0,,,,,,98171000.0,,71852000.0,,,,-24127000.0,,,,,,,-141324000.0,,,75972000.0,4888000.0,,1517000.0,,759996000.0,,0.48,20332000.0,,,6814000.0,,9293000.0,,15086000.0,,566763000.0,,,,26945000.0,,333153000.0,,,,,,,,,,,,,,,,,,,,,,,,,,,,,,,,,,,
1970-01-01 00:00:01.001808000,,,,,,61280000.0,-41688000.0,,,106780000.0,,,,4603000.0,,,,148412000.0,,,75972000.0,46482000.0,1292468000.0,,,,0.0,59611000.0,,,228735000.0,139148000.0,,,,,,,,-163472000.0,,,60253000.0,,-805000.0,254950000.0,,99630000.0,,,,,,667965000.0,99734000.0,505275000.0,,,,29911000.0,31560000.0,,,-34841000.0,78895000.0,,,-41835000.0,,,,265193000.0,0.46,-24255000.0,,89587000.0,1059543000.0,668747000.0,,87085000.0,,,,,,,0.0,,-16361000.0,,,1644584000.0,,,,,,158998000.0,730118000.0,0.0,,,31729000.0,97166000.0,,,203580000.0,,36458000.0,,69823000.0,152636000.0,,,10147000.0,,69823000.0,,,,,,97166000.0,,69823000.0,,,,-68605000.0,,,,,,,-133550000.0,,,59611000.0,4888000.0,,1517000.0,,789729000.0,,0.47,32330000.0,,,7652000.0,,10043000.0,,15707000.0,,585041000.0,,,,45250000.0,,352116000.0,,,,,,,,,,,,,,,,,,,,,,,,,,,,,,,,,,,
1970-01-01 00:00:01.009756800,1097727000.0,48737000.0,,,,77930000.0,-25153000.0,38576000.0,,84131000.0,272683000.0,232096000.0,-18100000.0,9469000.0,,-88284000.0,555998000.0,,397111000.0,-4888000.0,59611000.0,50944000.0,1348832000.0,,239110000.0,5305000.0,0.0,54042000.0,0.0,-195534000.0,244754000.0,151790000.0,,,,,,,,,4888000.0,1517000.0,68017000.0,116814000.0,-1639000.0,294942000.0,-4888000.0,101764000.0,906850000.0,,623319000.0,,,705893000.0,84120000.0,555998000.0,,314556000.0,,25235000.0,-20671000.0,77930000.0,30607000.0,-16602000.0,83773000.0,,,-60378000.0,,372214000.0,,280458000.0,,28140000.0,120824000.0,92964000.0,1097727000.0,555998000.0,,57054000.0,136510000.0,272683000.0,546652000.0,,77272000.0,,0.0,177582000.0,-5569000.0,272683000.0,148355000.0,1721046000.0,,,,389497000.0,1721046000.0,177582000.0,744065000.0,0.0,-5745000.0,1348832000.0,12183000.0,77272000.0,770426000.0,36913000.0,239110000.0,35034000.0,35704000.0,744065000.0,58885000.0,,-252915000.0,,-8844000.0,,58885000.0,,705893000.0,1043360000.0,1.84,-827807000.0,77272000.0,,58885000.0,-58138000.0,54042000.0,,-46021000.0,152916000.0,,294942000.0,16562000.0,360198000.0,,-69774000.0,316358000.0,77272000.0,54042000.0,4888000.0,50944000.0,1517000.0,29299000.0,798107000.0,555998000.0,,38576000.0,,0.0,-26483000.0,12183000.0,8800000.0,798107000.0,16562000.0,,623319000.0,0.0,,54042000.0,-3324000.0,1.78,372214000.0,9469000.0,,,,,,,,,,,,,,,,,,,,,,,,,,,,,,,,,,
1970-01-01 00:00:01.017532800,,,,,,87495000.0,-8384000.0,,,100425000.0,,,,3103000.0,,,,148660000.0,,,54042000.0,42186000.0,1425323000.0,,,,0.0,94519000.0,,,249025000.0,155857000.0,,,,,,,,-181790000.0,,,73390000.0,,-805000.0,277015000.0,,103614000.0,,,,,,754832000.0,100196000.0,594043000.0,,,,28055000.0,10818000.0,,,1349000.0,82467000.0,,,-48988000.0,-214000.0,,,288343000.0,0.47,-31862000.0,,93168000.0,1116069000.0,775833000.0,,61329000.0,,,,,,,0.0,,40477000.0,,,1775705000.0,,,,,,172936000.0,713036000.0,0.0,,,6955000.0,73367000.0,,,229941000.0,,39318000.0,,72141000.0,152202000.0,,,7028000.0,,72141000.0,,,,,,73367000.0,,72141000.0,,,,-22201000.0,,,,,,,-73638000.0,,,94519000.0,4888000.0,,1517000.0,,807555000.0,,0.49,41579000.0,,,10538000.0,,10446000.0,,17059000.0,,659636000.0,,,,12341000.0,,350382000.0,,,,,,,,,,,,,,,,,,,,,,,,,,,,,,,,,,,
1970-01-01 00:00:01.025395200,,,,,,105331000.0,0.0,,,102025000.0,,,,2658000.0,,,,149231000.0,,,94519000.0,59682000.0,1482876000.0,,,,0.0,30235000.0,,,233054000.0,180915000.0,,,,,,,,-191689000.0,,,91567000.0,,-1638000.0,291215000.0,,62223000.0,,,,,,780601000.0,60243000.0,652833000.0,,,,16868000.0,9810000.0,,,6314000.0,89348000.0,,,-66022000.0,109000.0,,,269263000.0,0.29,-23809000.0,,52139000.0,1131126000.0,844522000.0,,39569000.0,,,,,,,0.0,,-64284000.0,,,1846124000.0,,,,,,181904000.0,763230000.0,0.0,,,,72033000.0,,,226645000.0,,36209000.0,,43375000.0,152033000.0,,,8104000.0,,43375000.0,,,,,,72033000.0,,43375000.0,,,,-110898000.0,,,,,,,-146901000.0,,,30235000.0,4888000.0,,1517000.0,,793465000.0,,0.29,44986000.0,,,7952000.0,,10084000.0,,17179000.0,,714998000.0,,,,-26453000.0,,363248000.0,,,,,,,,,,,,,,,,,,,,,,,,,,,,,,,,,,,
1970-01-01 00:00:01.033344000,,,,,,117023000.0,0.0,,,98692000.0,,,,14705000.0,,,,149521000.0,,,30235000.0,43442000.0,1543119000.0,,,,0.0,50507000.0,,,246278000.0,177197000.0,,,,,,,,-202036000.0,,,72646000.0,,-806000.0,274000000.0,,79908000.0,,,,,,812131000.0,58622000.0,690829000.0,,,,16414000.0,21833000.0,,,2649000.0,104551000.0,,,-47664000.0,,,,288328000.0,0.28,-8273000.0,,69081000.0,1146917000.0,892865000.0,,66700000.0,,,,,,,0.0,,20272000.0,,,1884972000.0,,,,,,158177000.0,777890000.0,0.0,,,,67853000.0,,,225670000.0,,42050000.0,,42208000.0,151397000.0,,,-10459000.0,,42208000.0,,,,,,67853000.0,,42208000.0,,,,-48398000.0,,,,,,,-99426000.0,,,50507000.0,4888000.0,,1517000.0,,828397000.0,,0.28,31652000.0,,,3455000.0,,10827000.0,,15574000.0,,738055000.0,,,,19036000.0,,341853000.0,,,,,,,,,,,,,,,,,,,,,,,,,,,,,,,,,,,
1970-01-01 00:00:01.041292800,1216024000.0,54042000.0,3546000.0,,11788000.0,43878000.0,0.0,33154000.0,,104159000.0,199148000.0,324001000.0,42203000.0,15999000.0,-215746000.0,-8384000.0,953805000.0,,325241000.0,-4887000.0,50507000.0,64876000.0,1595421000.0,,92921000.0,-8929000.0,-6000000.0,45113000.0,89824000.0,-221555000.0,259848000.0,177599000.0,,,33678000.0,,,,,-215746000.0,4888000.0,1517000.0,86398000.0,77447000.0,-1638000.0,326333000.0,153000.0,79496000.0,988205000.0,,790964000.0,,,838756000.0,57534000.0,738059000.0,95378000.0,367567000.0,,16110000.0,,43878000.0,32012000.0,3949000.0,91201000.0,-6000000.0,,-58881000.0,,411567000.0,33678000.0,302430000.0,,11095000.0,45522000.0,82249000.0,1216024000.0,953805000.0,-50290000.0,99479000.0,160159000.0,199148000.0,691568000.0,,37410000.0,,14146000.0,171067000.0,-5394000.0,199148000.0,149337000.0,2006988000.0,,,,276595000.0,2006988000.0,171067000.0,821996000.0,89824000.0,-52849000.0,1595421000.0,3757000.0,85234000.0,405301000.0,45100000.0,92921000.0,27379000.0,42582000.0,821996000.0,41424000.0,,-289510000.0,,-62386000.0,2356000.0,41424000.0,95378000.0,838756000.0,1148364000.0,1.33,-467256000.0,37410000.0,,41424000.0,14261000.0,45113000.0,,-108013000.0,151930000.0,,326333000.0,15994000.0,296637000.0,,-147291000.0,267077000.0,85234000.0,45113000.0,4888000.0,64876000.0,1517000.0,-57713000.0,867109000.0,738059000.0,,33154000.0,,14146000.0,-21792000.0,3757000.0,13743000.0,867109000.0,15994000.0,,790964000.0,0.0,,45113000.0,40598000.0,1.31,411567000.0,15999000.0,,,,,,,,,,,,,,,,,,,,,,,,,,,,,,,,,,
1970-01-01 00:00:01.049068800,,,,-1714000.0,,58236000.0,-45785000.0,,,121366000.0,,,,16709000.0,,,,149611000.0,,,45113000.0,42317000.0,1618679000.0,,,,7217000.0,36260000.0,,,274433000.0,180529000.0,,,33673000.0,,,,,-230126000.0,,,95423000.0,,-805000.0,271010000.0,,108548000.0,,,,,,892458000.0,88240000.0,749183000.0,,,,24707000.0,7949000.0,,,-43214000.0,85106000.0,,,-24346000.0,,,,320699000.0,0.42,-78955000.0,,93904000.0,1180476000.0,979309000.0,,7171000.0,,,,,,,0.0,,-8853000.0,,,1975889000.0,,,,,,177966000.0,776121000.0,0.0,,,,86200000.0,,,135035000.0,,46266000.0,,63533000.0,151494000.0,,,-5664000.0,,63533000.0,93708000.0,,,,,52527000.0,,63533000.0,,,,27468000.0,,,,,,,-76769000.0,,,36260000.0,4888000.0,,1517000.0,,812381000.0,,0.42,29871000.0,,,3376000.0,,14644000.0,,16359000.0,,795413000.0,,,,-17175000.0,,357210000.0,,,,,,,,,,,,,,,,,,,,,,,,,,,,,,,,,,,
1970-01-01 00:00:01.056931200,,,,4067000.0,,46268000.0,0.0,,,120952000.0,,,,28483000.0,,,,149493000.0,,,36260000.0,31924000.0,1710142000.0,,,,0.0,62151000.0,,,280000000.0,208230000.0,,,33702000.0,,,,,-244119000.0,,,92147000.0,,-1639000.0,240485000.0,,85892000.0,,,,,,913296000.0,80377000.0,764598000.0,,,,22506000.0,13463000.0,,,11812000.0,116083000.0,,,-26855000.0,,,,325646000.0,0.38,-38388000.0,,71770000.0,1216378000.0,1008717000.0,,47068000.0,,,,,,,19053000.0,,25891000.0,,,2038348000.0,,,,,,197154000.0,795744000.0,0.0,,,,87721000.0,,,132757000.0,,45646000.0,,57871000.0,151440000.0,,,8607000.0,,57871000.0,83505000.0,,,,,34966000.0,,57871000.0,,,,-33382000.0,,,,,,,-127479000.0,,,62151000.0,4888000.0,,1517000.0,,857895000.0,,0.39,40610000.0,,,13451000.0,,14122000.0,,16762000.0,,821970000.0,,,,20213000.0,,328206000.0,,,,,,,,,,,,,,,,,,,,,,,,,,,,,,,,,,,
1970-01-01 00:00:01.064880000,,,,-18401000.0,,37169000.0,0.0,,,177553000.0,,,,34193000.0,,,,150134000.0,,,62151000.0,34345000.0,1776926000.0,,,,0.0,114360000.0,,,287518000.0,213813000.0,,,33696000.0,,,,,-259976000.0,,,89379000.0,,-805000.0,283629000.0,,89833000.0,,,,,,957484000.0,76675000.0,779379000.0,,,,21469000.0,11163000.0,,,2774000.0,124434000.0,,,-29316000.0,,,,341782000.0,0.36,15354000.0,,73705000.0,1296759000.0,1039355000.0,,97851000.0,,,,,,,21835000.0,,52209000.0,,,2150247000.0,,,,,,211747000.0,811185000.0,0.0,,,,89692000.0,,,155188000.0,,54264000.0,,55206000.0,151823000.0,,,2970000.0,,55206000.0,93983000.0,,,,,34161000.0,,55206000.0,,,,-48260000.0,,,,,,,-196497000.0,,,114360000.0,4888000.0,,1517000.0,,925545000.0,,0.37,56864000.0,,,3579000.0,,16128000.0,,17245000.0,,853488000.0,,,,68535000.0,,373321000.0,,,,,,,,,,,,,,,,,,,,,,,,,,,,,,,,,,,
1970-01-01 00:00:01.072828800,1838664000.0,350129000.0,15182000.0,7328000.0,22618000.0,66545000.0,45785000.0,0.0,,698904000.0,-875097000.0,174596000.0,-3894000.0,1054000.0,-68304000.0,0.0,1321087000.0,,-804134000.0,,114360000.0,63364000.0,7053328000.0,,240130000.0,-35279000.0,132103000.0,314850000.0,0.0,-301248000.0,-447507000.0,661541000.0,,,1108318000.0,7155000.0,7155000.0,,,-68304000.0,,166000.0,-102353000.0,-5527000.0,,404825000.0,0.0,-1088407000.0,394444000.0,,7665281000.0,,,-611921000.0,-1125916000.0,1252783000.0,496349000.0,1056337000.0,,-74209000.0,212190000.0,66545000.0,244765000.0,53067000.0,730714000.0,,,-220731000.0,,2450617000.0,1108318000.0,-308944000.0,,21176000.0,-82035000.0,-1109048000.0,1838664000.0,1321087000.0,-8720000.0,67123000.0,284739000.0,-875097000.0,1264113000.0,,887270000.0,,50204000.0,198524000.0,-104526000.0,-875097000.0,177982000.0,9503945000.0,,,1151066000.0,-880624000.0,9503945000.0,198524000.0,521109000.0,0.0,-80813000.0,7053328000.0,1622620000.0,2045792000.0,1118775000.0,61308000.0,240130000.0,24439000.0,138563000.0,521109000.0,-1051707000.0,,-278931000.0,1151066000.0,-35296000.0,,-1051707000.0,496349000.0,-611921000.0,679183000.0,-4.92,-1233251000.0,887270000.0,,-1051707000.0,24439000.0,314850000.0,,-224757000.0,177982000.0,,404825000.0,3638812000.0,-869669000.0,,-832506000.0,219213000.0,2045792000.0,314850000.0,,63364000.0,166000.0,-29383000.0,835959000.0,1252783000.0,,0.0,,50204000.0,-17157000.0,1622620000.0,16414000.0,835959000.0,3638812000.0,,7665281000.0,0.0,,314850000.0,-153608000.0,-4.92,2450617000.0,1054000.0,,,,,,,,,,,,,,,,,,,,,,,,,,,,,,,,,,
1970-01-01 00:00:01.080691200,,,,-7413000.0,,67767000.0,,,,1701893000.0,,,,9327000.0,,,,333699000.0,,,314850000.0,78382000.0,7197481000.0,,,,0.0,302785000.0,,,286975000.0,370840000.0,,,1038058000.0,6038000.0,,,,,,,130830000.0,,,362834000.0,,36377000.0,,,,,,-653116000.0,-72139000.0,1297862000.0,,,105884000.0,-30941000.0,202923000.0,,,105884000.0,159150000.0,,,-65683000.0,-32581000.0,,,541742000.0,-0.12,-38213000.0,,-83865000.0,1568164000.0,,,197961000.0,,,,,,,51937000.0,,-12065000.0,,,9511603000.0,,,,,,201368000.0,458762000.0,0.0,,,1936881000.0,1951288000.0,,,183479000.0,,254767000.0,,-41198000.0,333699000.0,,1151066000.0,1209000.0,,-41198000.0,311395000.0,,,,,861293000.0,,-41198000.0,,,,-315910000.0,,,,,,,-1952120000.0,,,302785000.0,,,171000.0,,761547000.0,,-0.12,0.0,3809000.0,,0.0,,104707000.0,,3557630000.0,-2844000.0,7943439000.0,,,,132278000.0,,2314122000.0,,,,,,,,,,,,,,,,,,,,,,,,,,,,,,,,,,,
1970-01-01 00:00:01.088553600,,,,-23273000.0,,68499000.0,,,,849450000.0,,,,-16138000.0,,,,337018000.0,,,302785000.0,85817000.0,6934167000.0,,,,0.0,483311000.0,,,387034000.0,388504000.0,,,978100000.0,6479000.0,,,,,,,139016000.0,,,396636000.0,,114578000.0,,,,,,-725516000.0,4943000.0,1354016000.0,,,65437000.0,4116000.0,106041000.0,,,-278232000.0,170180000.0,,,-78080000.0,-25018000.0,,,538763000.0,0.002361,-40020000.0,,-1470000.0,1507600000.0,,,159555000.0,,,,,,,52210000.0,,180526000.0,,,9227342000.0,,,,,,209280000.0,258064000.0,0.0,,,1736621000.0,1896539000.0,,,181514000.0,,151729000.0,,827000.0,350279000.0,,1151105000.0,-5072000.0,,827000.0,232765000.0,,,,,866229000.0,,826000.0,,,,299203000.0,,,,,,,-472167000.0,,,483311000.0,,,171000.0,,741375000.0,,0.002451,0.0,3452000.0,,0.0,,106183000.0,,3478000000.0,-7912000.0,7719742000.0,,,,81475000.0,,2293175000.0,,,,,,,,,,,,,,,,,,,,,,,,,,,,,,,,,,,
1970-01-01 00:00:01.096502400,,,,-26689000.0,,77830000.0,-354721000.0,,,385712000.0,,,,-3208000.0,,,,334777000.0,,,483311000.0,77493000.0,6710262000.0,,,,0.0,179018000.0,,,478816000.0,407983000.0,,,985672000.0,14955000.0,,,,,,,132040000.0,,,428601000.0,,194330000.0,,,,,,-744499000.0,69260000.0,1415689000.0,,,37447000.0,32492000.0,26096000.0,,,-317274000.0,168889000.0,,,-83244000.0,16168000.0,,,543276000.0,0.1,-45761000.0,,70833000.0,1264235000.0,,,178909000.0,,,,,,,50359000.0,,-304293000.0,,,9020598000.0,,,,,,237572000.0,266862000.0,0.0,,,1818945000.0,1881735000.0,,,197777000.0,,64460000.0,,36768000.0,355232000.0,,1151105000.0,-12383000.0,,36768000.0,246369000.0,,,,,845704000.0,,36714000.0,,,,-165928000.0,,,,,,,-468396000.0,,,179018000.0,,,173000.0,,445880000.0,,0.11,0.0,2984000.0,,0.0,,122086000.0,,3370624000.0,-28292000.0,7756363000.0,,,,95665000.0,,2310336000.0,,,,,,,,,,,,,,,,,,,,,,,,,,,,,,,,,,,
1970-01-01 00:00:01.104451200,1931044000.0,314850000.0,18898000.0,-33429000.0,-76529000.0,119118000.0,-36037000.0,1109624000.0,,263331000.0,25086000.0,578487000.0,8997000.0,-6767000.0,-156945000.0,-734427000.0,1682170000.0,,522426000.0,,179018000.0,121471000.0,6826401000.0,,65765000.0,-105403000.0,-8750000.0,209447000.0,114035000.0,-369763000.0,-111327000.0,446499000.0,,,921771000.0,13695000.0,13695000.0,,,-156945000.0,748430000.0,173000.0,176600000.0,39007000.0,,1260748000.0,9931000.0,177139000.0,1041500000.0,,7234714000.0,,,-801094000.0,62028000.0,1525225000.0,251016000.0,687663000.0,64767000.0,33339000.0,78721000.0,119118000.0,413781000.0,38661000.0,189444000.0,,,-142756000.0,50428000.0,2339357000.0,921771000.0,-27963000.0,,-52177000.0,358223000.0,-557826000.0,1931044000.0,1682170000.0,-90804000.0,191561000.0,554319000.0,25086000.0,1613827000.0,,101879000.0,,54959000.0,278637000.0,30429000.0,25086000.0,334996000.0,9165758000.0,,,1151105000.0,64093000.0,9165758000.0,278637000.0,,114035000.0,-176171000.0,6826401000.0,155933000.0,1078609000.0,3200386000.0,439435000.0,65765000.0,273535000.0,83364000.0,,28689000.0,,-382428000.0,1151105000.0,614339000.0,16795000.0,28689000.0,251016000.0,-801094000.0,1595819000.0,0.07,-3213051000.0,101879000.0,,28689000.0,-450961000.0,209447000.0,,-199793000.0,343475000.0,,1260748000.0,3292827000.0,-572327000.0,,-320368000.0,727986000.0,1078609000.0,209447000.0,748430000.0,121471000.0,173000.0,598093000.0,209447000.0,1525225000.0,,1109624000.0,8652000.0,54959000.0,9931000.0,155933000.0,106459000.0,209447000.0,3292827000.0,-37481000.0,7234714000.0,0.0,,209447000.0,48805000.0,0.07,2339357000.0,-6767000.0,,,,,,,,,,,,,,,,,,,,,,,,,,,,,,,,,,
1970-01-01 00:00:01.112227200,,,,-30449000.0,,91692000.0,-168475000.0,,,354839000.0,,,,-9377000.0,,,,335279000.0,,,209447000.0,75015000.0,6780959000.0,,,,0.0,276443000.0,,,488193000.0,412919000.0,,,895851000.0,20778000.0,,,,,,,158458000.0,,,1228529000.0,,169370000.0,,7851000.0,,,,-808423000.0,66348000.0,1561918000.0,,,49910000.0,22890000.0,18921000.0,,,-141176000.0,178784000.0,,,-65846000.0,-9391000.0,,,587802000.0,0.12,-7858000.0,,75274000.0,1983727000.0,,,212886000.0,,,,,,,62598000.0,,66996000.0,,,9062694000.0,,,,,,275014000.0,875438000.0,0.0,,,1149172000.0,1053206000.0,,,219142000.0,,99609000.0,,43458000.0,352173000.0,,1151105000.0,-17720000.0,,43458000.0,236624000.0,,,,,94757000.0,,43394000.0,,,,-4714000.0,,,,,,,-293707000.0,,,276443000.0,751681000.0,,173000.0,,1151881000.0,,0.13,0.0,6911000.0,,-22611000.0,,96111000.0,,3216772000.0,1335000.0,7078967000.0,,,,147040000.0,,2281735000.0,,,,,,,,,,,,,,,,,,,,,,,,,,,,,,,,,,,
1970-01-01 00:00:01.120089600,,,,-19763000.0,,85346000.0,-154115000.0,,,921543000.0,,,,-8382000.0,,,,332629000.0,,,276443000.0,66004000.0,6745814000.0,,,,0.0,638400000.0,,,534541000.0,412675000.0,,,882021000.0,16389000.0,,,,,,,155754000.0,,,540653000.0,,154023000.0,,8778000.0,,,,-793384000.0,52352000.0,1150420000.0,,,14523000.0,17848000.0,12262000.0,,,-894518000.0,179843000.0,,,-90370000.0,-72600000.0,,,605634000.0,0.1,63515000.0,,121866000.0,1796302000.0,,,228782000.0,,,,,,,57259000.0,,361957000.0,,,8268152000.0,,,,,,254014000.0,289053000.0,0.0,,,1031010000.0,981685000.0,,,235457000.0,,71093000.0,,34504000.0,344735000.0,,1151105000.0,-79066000.0,,34504000.0,243538000.0,,,,,42405000.0,,34453000.0,,,,1027693000.0,,,,,,,-211610000.0,,,638400000.0,0.0,,175000.0,,927453000.0,,0.1,0.0,2849000.0,,-8511000.0,,98822000.0,,3139315000.0,17797000.0,6471850000.0,,,,138412000.0,,1522338000.0,,,,,,,,,,,,,,,,,,,,,,,,,,,,,,,,,,,
1970-01-01 00:00:01.128038400,,,,-4268000.0,,78894000.0,0.0,,,260093000.0,,,,-6189000.0,,,,336536000.0,,,638400000.0,48210000.0,6797827000.0,,,,0.0,296492000.0,,,506650000.0,464439000.0,,,856297000.0,18603000.0,,,,,,,161410000.0,,0.0,558945000.0,,142679000.0,,2836000.0,,,,-802311000.0,32357000.0,1093680000.0,,,23608000.0,5172000.0,7858000.0,,,19291000.0,227039000.0,,,-59734000.0,-38345000.0,,,596211000.0,0.08,4311000.0,,42211000.0,1535212000.0,,,173095000.0,,,,,,,58615000.0,,-341908000.0,,,8314609000.0,,,,,,261535000.0,314906000.0,0.0,,,1477403000.0,957837000.0,,,241781000.0,,89561000.0,,27185000.0,340859000.0,,1151105000.0,-25813000.0,,27185000.0,227469000.0,,,,,42925000.0,,27145000.0,,,,-534294000.0,,,,,,,-734653000.0,,,296492000.0,0.0,,175000.0,,611398000.0,,0.08,0.0,571000.0,,-4317000.0,,109751000.0,,3057209000.0,-7635000.0,6779397000.0,,,,113361000.0,,1516782000.0,,,,,,,,,,,,,,,,,,,,,,,,,,,,,,,,,,,
1970-01-01 00:00:01.135987200,1618081000.0,209447000.0,9647000.0,21748000.0,6252000.0,78054000.0,0.0,1204378000.0,,245659000.0,160711000.0,644758000.0,-90174000.0,-13910000.0,-214759000.0,-322590000.0,1389155000.0,,668050000.0,-746416000.0,296492000.0,99780000.0,6905876000.0,,77171000.0,358721000.0,0.0,568168000.0,129155000.0,-318376000.0,-189380000.0,410994000.0,,,762282000.0,16928000.0,16928000.0,,,-214759000.0,0.0,173000.0,169121000.0,95484000.0,-1000.0,583036000.0,-9639000.0,201976000.0,1340005000.0,18680000.0,6748866000.0,,,-1021644000.0,105136000.0,1174396000.0,182815000.0,747671000.0,31578000.0,49574000.0,239538000.0,78054000.0,278579000.0,67880000.0,168314000.0,,,-102426000.0,30162000.0,1461071000.0,762282000.0,-76028000.0,,39803000.0,571127000.0,-600374000.0,1618081000.0,1389155000.0,-32732000.0,274740000.0,373614000.0,160711000.0,1694734000.0,,43444000.0,,72309000.0,265742000.0,271676000.0,160711000.0,335586000.0,8366947000.0,,,1130430000.0,256195000.0,8366947000.0,265742000.0,,129155000.0,99771000.0,6905876000.0,264061000.0,878035000.0,1782134000.0,402208000.0,77171000.0,119619000.0,113352000.0,,55562000.0,,417741000.0,1130430000.0,686711000.0,38145000.0,55562000.0,182815000.0,-1021644000.0,1713619000.0,0.48,-1454147000.0,43444000.0,,55717000.0,-948523000.0,568168000.0,,-70944000.0,346163000.0,,583036000.0,2975601000.0,-354729000.0,,-214177000.0,889503000.0,878035000.0,568168000.0,0.0,99780000.0,173000.0,557820000.0,568168000.0,1174396000.0,,1204378000.0,-684000.0,72309000.0,25800000.0,264061000.0,97524000.0,568168000.0,2975601000.0,-5245000.0,6748866000.0,0.0,,568168000.0,172314000.0,0.47,1461071000.0,-13910000.0,,,,,,,,,,,,,,,,,,,,,,,,,,,,,,,,,,
1970-01-01 00:00:01.143763200,,,,-15507000.0,,79624000.0,0.0,,,357877000.0,,,,4594000.0,,,,339653000.0,,,568168000.0,58119000.0,7142842000.0,,,,0.0,535865000.0,,,543681000.0,370990000.0,,,736255000.0,19226000.0,,,,,,,154391000.0,,,520797000.0,,315177000.0,,23620000.0,,,,-928178000.0,191654000.0,1191968000.0,,,56356000.0,72464000.0,5087000.0,,,83656000.0,145892000.0,,,-65630000.0,-41727000.0,,,611175000.0,0.36,-82837000.0,,172691000.0,1595681000.0,,,156253000.0,,,,,,,80354000.0,,-32303000.0,,,8524226000.0,,,,,,276441000.0,313490000.0,0.0,,,1701309000.0,860587000.0,,,235237000.0,,67494000.0,,122969000.0,345815000.0,,1130430000.0,-4301000.0,,119190000.0,191022000.0,,,,,43978000.0,,122790000.0,,,,-272212000.0,,,,,,,-598310000.0,,,535865000.0,,,173000.0,,849355000.0,,0.36,0.0,293000.0,,22859000.0,,123230000.0,,2904838000.0,-9485000.0,6928545000.0,,,,90623000.0,,1381384000.0,,,,,,,,,,,,,,,,,,,,,,,,,,,,,,,,,,,
1970-01-01 00:00:01.151625600,,,,-8071000.0,,74033000.0,-366000.0,,,665180000.0,,,,-22532000.0,,,,342375000.0,,,535865000.0,62280000.0,7008591000.0,,,,-303451000.0,345104000.0,,,582048000.0,408534000.0,,,691395000.0,,,,,,,,170289000.0,,,499982000.0,,-23763000.0,,42005000.0,,,,-1104681000.0,-100209000.0,1227296000.0,,,18131000.0,70404000.0,330318000.0,,,10634000.0,161985000.0,,,-14092000.0,-14612000.0,,,660041000.0,-0.5,-56463000.0,,173514000.0,1449740000.0,,,183372000.0,,,,,,,95668000.0,,-191368000.0,,,8340162000.0,,,,,,284912000.0,368670000.0,0.0,,,1650486000.0,831589000.0,,,272108000.0,,77993000.0,,-170613000.0,342375000.0,,1156348000.0,-299651000.0,,-170613000.0,147024000.0,,,,,44526000.0,,-170613000.0,,,,-385374000.0,,,,,,,-735017000.0,,,345104000.0,,,173000.0,,713774000.0,,-0.5,0.0,186000.0,,-17921000.0,,75692000.0,,2856292000.0,-11396000.0,6890422000.0,,,,169280000.0,,1331571000.0,,,,,,,,,,,,,,,,,,,,,,,,,,,,,,,,,,,
1970-01-01 00:00:01.159574400,,,,605000.0,,74614000.0,-319902000.0,,,445040000.0,,,,-17876000.0,,,,338021000.0,,,345104000.0,62822000.0,6894874000.0,,,,0.0,414594000.0,,,636700000.0,439197000.0,,,653433000.0,,,,,,,,168153000.0,,0.0,495010000.0,,309452000.0,,36434000.0,,0.0,,-954991000.0,219647000.0,1246116000.0,,,12351000.0,63048000.0,-4262000.0,,,-311268000.0,211033000.0,,,-54118000.0,-35731000.0,,,703492000.0,0.45,15089000.0,,197503000.0,1385157000.0,,,259838000.0,,,,,,,98167000.0,,70061000.0,,,8186558000.0,,,,,,282519000.0,246425000.0,0.0,,,1605685000.0,796674000.0,,,292460000.0,,66792000.0,,156599000.0,344754000.0,,1153980000.0,-3813000.0,,156599000.0,155119000.0,,,,,45074000.0,,156371000.0,,,,121491000.0,,,,,,,-269516000.0,,,414594000.0,,,173000.0,,661019000.0,,0.46,0.0,74000.0,,-3790000.0,,89731000.0,,2795620000.0,2036000.0,6801401000.0,,,,205720000.0,,1291684000.0,,,,,,,,,,,,,,,,,,,,,,,,,,,,,,,,,,,
1970-01-01 00:00:01.167523200,1712567000.0,568168000.0,871000.0,-13664000.0,-37009000.0,154713000.0,0.0,0.0,,319042000.0,217511000.0,685067000.0,-106337000.0,21855000.0,-308614000.0,-320268000.0,1588999000.0,,868904000.0,0.0,414594000.0,100457000.0,7149778000.0,,109816000.0,93085000.0,0.0,661377000.0,150680000.0,-198312000.0,-164626000.0,772572000.0,,,643645000.0,,,,,-308614000.0,,173000.0,192234000.0,278431000.0,0.0,582855000.0,24899000.0,268606000.0,1597802000.0,24724000.0,6840241000.0,0.0,,-860827000.0,181071000.0,1280385000.0,169102000.0,1048910000.0,60121000.0,72515000.0,231398000.0,154713000.0,562541000.0,68568000.0,530000000.0,-363251000.0,,-64472000.0,-14267000.0,1403030000.0,643645000.0,-102523000.0,,27696000.0,642956000.0,-937198000.0,1712567000.0,1588999000.0,-36637000.0,241805000.0,274383000.0,213732000.0,1991293000.0,,96694000.0,,79836000.0,317353000.0,246695000.0,217511000.0,338585000.0,8552808000.0,,,1154757000.0,492163000.0,8552808000.0,317353000.0,241314000.0,150680000.0,-96515000.0,7149778000.0,1657858000.0,820175000.0,1787139000.0,375870000.0,109816000.0,146959000.0,62103000.0,241314000.0,108556000.0,,-599773000.0,1154757000.0,1093070000.0,126783000.0,108556000.0,169102000.0,-860827000.0,1872185000.0,0.64,-1959365000.0,96694000.0,,108714000.0,-148410000.0,661377000.0,,-63678000.0,345281000.0,,582855000.0,2747241000.0,-393491000.0,,-356522000.0,841268000.0,820175000.0,661377000.0,,100457000.0,173000.0,785306000.0,902691000.0,1280385000.0,,0.0,318000.0,79836000.0,23751000.0,1657858000.0,87217000.0,902691000.0,2747241000.0,-18164000.0,6840241000.0,0.0,,661377000.0,177333000.0,0.63,1403030000.0,21855000.0,,,,,,,,,,,,,,,,,,,,,,,,,,,,,,,,,,
1970-01-01 00:00:01.175299200,,,,-23191000.0,,151219000.0,,,,803675000.0,,,,31658000.0,,,,340310000.0,,,661377000.0,102183000.0,7347166000.0,,,,0.0,780940000.0,,,633960000.0,439430000.0,,,614586000.0,,,,,,,,188061000.0,,-3703000.0,500448000.0,,292615000.0,,29560000.0,,-42289000.0,,-821215000.0,203394000.0,1291041000.0,,,22908000.0,71893000.0,18842000.0,,,24401000.0,191449000.0,,,-37402000.0,5015000.0,,,715910000.0,0.38,-15633000.0,,194530000.0,1941341000.0,,,262329000.0,,,,,,,195337000.0,,119348000.0,,,8709580000.0,,,,,,324569000.0,346639000.0,0.0,,,1653363000.0,861966000.0,,,312195000.0,,81950000.0,,131501000.0,344058000.0,,1135745000.0,-19871000.0,,131501000.0,186220000.0,,,,,52043000.0,,131311000.0,,,,-167382000.0,,,,,,,-891436000.0,,,780940000.0,9148000.0,,173000.0,,1127579000.0,,0.39,0.0,406000.0,,5196000.0,,88815000.0,,2688090000.0,-6642000.0,6768239000.0,,,,224927000.0,,1362414000.0,,,,,,,,,,,,,,,,,,,,,,,,,,,,,,,,,,,
1970-01-01 00:00:01.183161600,,,,-28890000.0,,161406000.0,,,,1636693000.0,,,,32167000.0,,,,340315000.0,,,780940000.0,99440000.0,4636699000.0,,,,0.0,1611581000.0,,,689113000.0,482778000.0,,,588784000.0,,,,,,,,203668000.0,,-6563000.0,3464929000.0,,332386000.0,,29859000.0,,0.0,,-666955000.0,238026000.0,1330899000.0,,,58840000.0,51886000.0,1047000.0,,,64412000.0,218149000.0,,,-79846000.0,-23187000.0,,,773176000.0,0.54,-83580000.0,,206335000.0,2694006000.0,,,202018000.0,,,,,,,193955000.0,,830524000.0,,,8935715000.0,,,,,,359518000.0,191136000.0,2990030000.0,,,1148033000.0,834087000.0,,,346456000.0,,84063000.0,,186140000.0,343389000.0,,1135939000.0,1491000.0,,186140000.0,207897000.0,,,,,51348000.0,,185940000.0,,,,564094000.0,,,,,,,-992753000.0,,,1611581000.0,11897000.0,,172000.0,,1802717000.0,,0.55,0.0,1900000.0,,4002000.0,,92460000.0,,2626838000.0,-34357000.0,6241709000.0,,,,122172000.0,,4299016000.0,,,,,,,,,,,,,,,,,,,,,,,,,,,,,,,,,,,
1970-01-01 00:00:01.191110400,,,,-18785000.0,,186187000.0,-2991183000.0,,,361962000.0,,,,48127000.0,,,,288958000.0,,,1611581000.0,92336000.0,4992699000.0,,,,0.0,437326000.0,,,707618000.0,554291000.0,,,558743000.0,,,,,,,,190644000.0,,-8339000.0,1988744000.0,,290469000.0,,31790000.0,,-50000000.0,,-553080000.0,174114000.0,1392577000.0,,,165688000.0,54733000.0,-44850000.0,,,-1317684000.0,286274000.0,,,-58502000.0,-22194000.0,,,789231000.0,0.41,-41990000.0,,153327000.0,1620470000.0,,,210426000.0,,,,,,,226076000.0,,-1173907000.0,,,7816375000.0,,,,,,378807000.0,234021000.0,0.0,,,1103904000.0,834932000.0,,,386295000.0,,81613000.0,,119381000.0,293396000.0,,1136858000.0,21583000.0,,119381000.0,222857000.0,,,,,50113000.0,,119581000.0,,,,-66649000.0,,,,,,,-336851000.0,,,437326000.0,1510113000.0,,146000.0,,671347000.0,,0.41,0.0,19600000.0,,11987000.0,,96755000.0,,2562566000.0,-16724000.0,6195905000.0,,,,151924000.0,,2823676000.0,,,,,,,,,,,,,,,,,,,,,,,,,,,,,,,,,,,
1970-01-01 00:00:01.199059200,2368407000.0,661377000.0,40500000.0,-12326000.0,-70701000.0,596018000.0,-1000.0,0.0,,451449000.0,638172000.0,776103000.0,-81555000.0,79246000.0,-420317000.0,-2991184000.0,1917700000.0,,1331388000.0,-18605000.0,437326000.0,90672000.0,5534295000.0,,367885000.0,-1157000.0,-208209000.0,659662000.0,0.0,-284106000.0,805734000.0,507686000.0,,,521525000.0,,,,,-420317000.0,1511135000.0,147000.0,193730000.0,272423000.0,0.0,2189175000.0,272476000.0,415924000.0,2836425000.0,31920000.0,6260408000.0,-3500000.0,,-352169000.0,295061000.0,1497383000.0,233987000.0,925164000.0,241744000.0,93911000.0,788006000.0,596018000.0,763045000.0,493651000.0,229292000.0,-95789000.0,,-108356000.0,-41189000.0,3094520000.0,521525000.0,893300000.0,,63324000.0,736529000.0,298048000.0,2368407000.0,1917700000.0,-83192000.0,345862000.0,335192000.0,638172000.0,1972841000.0,,51843000.0,,331977000.0,392646000.0,222878000.0,638172000.0,315836000.0,8628815000.0,,,1137372000.0,910595000.0,8628815000.0,392646000.0,319408000.0,0.0,-77879000.0,5534295000.0,1133299000.0,905345000.0,3253779000.0,380293000.0,367885000.0,489180000.0,87566000.0,319408000.0,201150000.0,,-286572000.0,1137372000.0,-7895000.0,123129000.0,201150000.0,233987000.0,-352169000.0,3171617000.0,2.02,-2968916000.0,51843000.0,,200550000.0,-735220000.0,659662000.0,,-616635000.0,320171000.0,,2189175000.0,2492354000.0,863584000.0,,-747876000.0,1020635000.0,905345000.0,659662000.0,1511135000.0,90672000.0,147000.0,-16089000.0,979070000.0,1497383000.0,,0.0,18600000.0,331977000.0,251291000.0,1133299000.0,102263000.0,979070000.0,2492354000.0,-12978000.0,6260408000.0,-208209000.0,,659662000.0,237506000.0,1.99,3094520000.0,79246000.0,,,,,,,,,,,,,,,,,,,,,,,,,,,,,,,,,,
1970-01-01 00:00:01.206921600,,,,-6344000.0,,181170000.0,-240219000.0,,,917972000.0,,,,123439000.0,,,,296171000.0,,,659662000.0,114842000.0,5532708000.0,,,,83516000.0,688499000.0,,,841252000.0,548842000.0,,,523392000.0,,,,,,,,215829000.0,,-1500000000.0,707172000.0,,369036000.0,,34529000.0,,-25000000.0,,-199204000.0,246374000.0,1581664000.0,,,28311000.0,83277000.0,35852000.0,,,-787532000.0,258232000.0,,,-86031000.0,7183000.0,,,942186000.0,0.54,19007000.0,,292410000.0,2140475000.0,,,366985000.0,,,,,,,346933000.0,,29030000.0,,,8170653000.0,,,,,,451480000.0,297901000.0,0.0,,,887069000.0,1930773000.0,,,400529000.0,,100934000.0,,163097000.0,299500000.0,,1140190000.0,-53206000.0,,163097000.0,237172000.0,,,,,1060448000.0,,163397000.0,,,,449577000.0,,,,,,,-440880000.0,,,688499000.0,12841000.0,,149000.0,,986400000.0,,0.55,0.0,15730000.0,,-62500000.0,,106932000.0,,2421255000.0,-54703000.0,6030178000.0,,,,280954000.0,,2637945000.0,,,,,,,,,,,,,,,,,,,,,,,,,,,,,,,,,,,
1970-01-01 00:00:01.214784000,,,,-21843000.0,,199774000.0,-319548000.0,,,473992000.0,,,,121115000.0,,,,290356000.0,,,688499000.0,116755000.0,5522931000.0,,,,-22263000.0,466493000.0,,,901043000.0,570817000.0,,,501452000.0,,,,,,,,245689000.0,,-12474000.0,885441000.0,,410773000.0,,33118000.0,,0.0,,-103137000.0,291334000.0,1629398000.0,,,61221000.0,84706000.0,5453000.0,,,-250129000.0,252259000.0,,,-71062000.0,-21940000.0,,,993444000.0,0.7,-53304000.0,,330226000.0,2161028000.0,,,276022000.0,,,,,,,224916000.0,,-224330000.0,,,8172826000.0,,,,,,482797000.0,425759000.0,0.0,,,895242000.0,1764454000.0,,,471315000.0,,92401000.0,,206628000.0,293476000.0,,1139597000.0,-40329000.0,,206628000.0,255028000.0,,,,,1038086000.0,,206328000.0,,,,-250223000.0,,,,,,,-630890000.0,,,466493000.0,11544000.0,,149000.0,,892252000.0,,0.71,0.0,13900000.0,,20568000.0,,105539000.0,,2347561000.0,-31599000.0,6011798000.0,,,,204960000.0,,2649895000.0,,,,,,,,,,,,,,,,,,,,,,,,,,,,,,,,,,,
1970-01-01 00:00:01.222732800,,,,-6189000.0,,143116000.0,0.0,,,743101000.0,,,,33431000.0,,,,291408000.0,,,466493000.0,123512000.0,5768478000.0,,,,-31173000.0,1010701000.0,,,985471000.0,596088000.0,,,440164000.0,,,,,,,,232824000.0,,0.0,985872000.0,,448704100.0,,36692000.0,,0.0,,75361000.0,321125000.0,1579938000.0,,,77500000.0,114337000.0,-22426000.0,,,134828000.0,268800000.0,,,-64868000.0,-42834000.0,,,1092964000.0,0.7,176991000.0,,389383000.0,2639080000.0,,,512193000.0,,,,,,,298267000.0,,547551000.0,,,8535208000.0,,,,,,484636000.0,376098000.0,0.0,,,927877000.0,1780858000.0,,,497263000.0,,107493000.0,,206788000.0,293921000.0,,1137547000.0,-43566400.0,,206788000.0,249858000.0,,,,,1042427000.0,,206788000.0,,,,-99470000.0,,,,,,,-746546000.0,,,1010701000.0,10215000.0,,149000.0,,1386799000.0,,0.71,0.0,8100.0,,57328000.0,,127571000.0,,2250766000.0,-9035000.0,5896128000.0,,,,447325000.0,,2766730000.0,,,,,,,,,,,,,,,,,,,,,,,,,,,,,,,,,,,
1970-01-01 00:00:01.230681600,2458000000.0,659662000.0,52000000.0,-19828000.0,-57565000.0,169391000.0,-179171000.0,0.0,,805995000.0,783167000.0,925305000.0,-139549000.0,-11106000.0,-537000000.0,-738938000.0,2131754000.0,,1663002000.0,-1512474000.0,1010701000.0,107417000.0,5806083000.0,,534887000.0,-38053000.0,148138000.0,622385000.0,0.0,-275954000.0,967752000.0,741160000.0,,,356017000.0,,,,,-537000000.0,27667000.0,149000.0,230963000.0,365776000.0,0.0,923222000.0,-150726000.0,464089400.0,3695518000.0,41868000.0,6020991000.0,0.0,,270180000.0,290110000.0,1594754000.0,263602000.0,1072058000.0,11454000.0,83456000.0,936661000.0,169391000.0,955540000.0,-333839000.0,292767000.0,-25000000.0,,-53993000.0,-81958000.0,2672908000.0,356017000.0,1068913000.0,,33695000.0,1288538000.0,226592000.0,2458000000.0,2131754000.0,-54204000.0,409292000.0,401989000.0,783167000.0,2456907000.0,,1085431000.0,,308238000.0,446665000.0,-390304000.0,783167000.0,292332000.0,8478991000.0,,,1138621000.0,1148943000.0,8478991000.0,446665000.0,749032000.0,0.0,176389000.0,5806083000.0,1126558000.0,1749686000.0,2941060000.0,462059000.0,534887000.0,178486000.0,101161000.0,749032000.0,206654000.0,,-365873000.0,1138621000.0,-51052800.0,146207000.0,206654000.0,263602000.0,270180000.0,4097507000.0,2.67,-3184197000.0,1085431000.0,,206654000.0,-1236672000.0,622385000.0,,-465757000.0,294984000.0,,923222000.0,2161058000.0,1238611000.0,,-1365881000.0,1564492000.0,1749686000.0,622385000.0,27667000.0,107417000.0,149000.0,-174468000.0,1371417000.0,1594754000.0,,0.0,51962400.0,308238000.0,-166122000.0,1126558000.0,122017000.0,1371417000.0,2161058000.0,37772000.0,6020991000.0,178218000.0,,622385000.0,355299000.0,2.65,2672908000.0,-11106000.0,,,,,,,,,,,,,,,,,,,,,,,,,,,,,,,,,,
1970-01-01 00:00:01.238457600,,,,-12720000.0,,149374000.0,-57631000.0,,,1057671000.0,,,,-32346000.0,,,,287703000.0,,,622385000.0,104271000.0,5987694000.0,,,,29991000.0,764104000.0,,,938287000.0,633329000.0,,,345784000.0,,,,,,,,264603000.0,,,807767000.0,,443850000.0,,37889000.0,,0.0,,388019000.0,311804000.0,1562174000.0,,,17043000.0,65225000.0,251574000.0,,,-66928000.0,279478000.0,,,-37041000.0,-6973000.0,,,1036484000.0,0.84,-97291000.0,,304958000.0,2480653000.0,,,300750000.0,,,,,,,318492000.0,,142116000.0,,,8575206000.0,,,,,,481214000.0,637219000.0,0.0,,,1321949000.0,1747185000.0,,,429689000.0,,98197000.0,,243987000.0,289744000.0,,1138621000.0,1946000.0,,246579000.0,268076000.0,,,,,1082909000.0,,243987000.0,,,,-91706000.0,,,,,,,-1142327000.0,,,764104000.0,26488000.0,,149000.0,,1401323000.0,,0.85,0.0,9900000.0,,-26340000.0,,122146000.0,,2071809000.0,-37935000.0,6094553000.0,,,,263709000.0,,2554952000.0,,,,,,,,,,,,,,,,,,,,,,,,,,,,,,,,,,,
1970-01-01 00:00:01.246320000,,,,-1633000.0,,143183000.0,0.0,,,579891000.0,,,,11293000.0,,,,288615000.0,,,764104000.0,210941000.0,6212538000.0,,,,5565000.0,786804000.0,,,1002568000.0,779654000.0,,,310962000.0,,,,,-588800000.0,,,269967000.0,,,803926000.0,,373625000.0,,41003000.0,,0.0,,516632000.0,237594000.0,1608660000.0,,,7344000.0,92709000.0,-247691000.0,,,3151000.0,416453000.0,,,-34680000.0,-35799000.0,,,1093289000.0,0.49,-45520000.0,,222914000.0,2744278000.0,2197460000.0,,228551000.0,,,,,,,330996000.0,,20188000.0,,,8777196000.0,,,,,,511286000.0,836270000.0,0.0,,,1307118000.0,1727565000.0,,,496694000.0,,90721000.0,,142845000.0,290359000.0,,1138621000.0,11880000.0,,144885000.0,268529000.0,,,,,1085607000.0,,142845000.0,,,,-211514000.0,,,,,,,-762290000.0,,,786804000.0,14697000.0,,149000.0,,1623074000.0,,0.49,0.0,9300000.0,,6674000.0,,126731000.0,,1978519000.0,-25907000.0,6032918000.0,,,,193871000.0,,2531491000.0,,,,,,,,,,,,,,,,,,,,,,,,,,,,,,,,,,,
1970-01-01 00:00:01.254268800,,,,-10842000.0,,141623000.0,0.0,,,696531000.0,,,,37114000.0,,,,288917000.0,,,786804000.0,108547000.0,6564189000.0,,,,502000.0,585788000.0,,,1027032000.0,642854000.0,,,289654000.0,,,,,-622900000.0,,,287452000.0,,0.0,721368000.0,,487922000.0,,41010000.0,,0.0,,781321000.0,393538000.0,1634696000.0,,,8849000.0,113936000.0,-3313000.0,,,9215000.0,304055000.0,,,-38408000.0,-29808000.0,,,1120518000.0,0.95,-107669000.0,,384178000.0,2572259000.0,2257596000.0,,263425000.0,,,,,,,331761000.0,,-201793000.0,,,9026437000.0,,,,,,550995000.0,821888000.0,0.0,,,1753746000.0,1707259000.0,,,537408000.0,,93486000.0,,277663000.0,291037000.0,,1138621000.0,6960000.0,,279602000.0,278686000.0,,,,,1085844000.0,,277663000.0,,,,-474433000.0,,,,,,,-1133058000.0,,,585788000.0,15452000.0,,149000.0,,1407676000.0,,0.96,0.0,8500000.0,,366000.0,,85884000.0,,1927115000.0,-32373000.0,6454178000.0,,,,225017000.0,,2428627000.0,,,,,,,,,,,,,,,,,,,,,,,,,,,,,,,,,,,
1970-01-01 00:00:01.262217600,2480595000.0,622385000.0,35800000.0,-17577000.0,,177924000.0,-693539000.0,0.0,,998736000.0,970132000.0,1126938000.0,-137351000.0,50496000.0,-642517000.0,-751170000.0,2279600000.0,,1796440000.0,-10867000.0,585788000.0,118534000.0,6221530000.0,,377055000.0,-44284000.0,-6067000.0,581889000.0,0.0,-165646000.0,1027356000.0,643978000.0,,,240618000.0,,,,,-642517000.0,19762000.0,144000.0,304915000.0,355617000.0,0.0,714942000.0,-9924000.0,491144000.0,3995244000.0,41000000.0,6071259000.0,0.0,,1068890000.0,389744000.0,1637083000.0,293950000.0,1283068000.0,14574000.0,83748000.0,8462000.0,177924000.0,9032000.0,-669589000.0,283082000.0,0.0,,-55517000.0,-64771000.0,2289972000.0,240618000.0,1127056000.0,,-101002000.0,909252000.0,383378000.0,2480595000.0,2279600000.0,-42772000.0,282172000.0,382104000.0,977062000.0,2699817000.0,,1080207000.0,,254205000.0,551208000.0,-4795000.0,970132000.0,287356000.0,8551854000.0,,,1138621000.0,1332679000.0,8551854000.0,551208000.0,681835000.0,0.0,-351482000.0,6221530000.0,1424477000.0,1575030000.0,3332829000.0,427961000.0,377055000.0,47810000.0,99700000.0,681835000.0,305637000.0,,-395031000.0,1138621000.0,3866000.0,160902000.0,305996000.0,293950000.0,1068890000.0,4377348000.0,3.37,-3592205000.0,1080207000.0,,305637000.0,-724151000.0,581889000.0,,382622000.0,289476000.0,,714942000.0,1871078000.0,1295427000.0,,-554530000.0,1074898000.0,1575030000.0,581889000.0,19762000.0,118534000.0,144000.0,24552000.0,1263724000.0,1637083000.0,,0.0,8200000.0,254205000.0,9376000.0,1424477000.0,93200000.0,1263724000.0,1871078000.0,,6071259000.0,29991000.0,,581889000.0,226655000.0,3.35,2289972000.0,50496000.0,,,,,,,,,,,,,,,,,,,,,,,,,,,,,,,,,,
1970-01-01 00:00:01.269993600,,,,12264000.0,,210295000.0,-577580000.0,,,1029307000.0,,,,22872000.0,,,,269922000.0,,,581889000.0,121356000.0,5909372000.0,,,,0.0,639559000.0,,,1011805000.0,708116000.0,,,248898000.0,,,,,-671900000.0,,,312221000.0,,,682330000.0,,386113000.0,,51006000.0,,-39976000.0,,1131523000.0,295303000.0,1604573000.0,,,52818000.0,75310000.0,46247000.0,,,-523460000.0,347006000.0,,,-38209000.0,8042000.0,,,1108860000.0,0.8,-77650000.0,,303689000.0,2409012000.0,2276473000.0,,336895000.0,,,,,,,259300000.0,,63172000.0,,,8217323000.0,,,,,,560777000.0,513115000.0,0.0,,,1242984000.0,1584399000.0,,,432887000.0,,97055000.0,,217442000.0,272703000.0,,1138621000.0,-8986000.0,,219993000.0,280038000.0,,,,,1076201000.0,,217442000.0,,,,249737000.0,,,,,,,-701385000.0,,,639559000.0,19115000.0,,139000.0,,1152674000.0,,0.8,0.0,8300000.0,,1302000.0,,82510000.0,,1822133000.0,-20201000.0,5808311000.0,,,,298686000.0,,2266729000.0,,,,,,,,,,,,,,,,,,,,,,,,,,,,,,,,,,,
1970-01-01 00:00:01.277856000,,,,9183000.0,,218645000.0,-1031754000.0,,,973236000.0,,,,-28422000.0,,,,259938000.0,,,639559000.0,144476000.0,5170806000.0,,,,0.0,720962000.0,,,1105717000.0,709837000.0,,,207492000.0,,,,,-703600000.0,,,325014000.0,,,755658000.0,,485243000.0,,44364000.0,,0.0,,1405340000.0,396892000.0,1571521000.0,,,10375000.0,102243000.0,5852000.0,,,-1026126000.0,331675000.0,,,-47051000.0,-38359000.0,,,1212702000.0,1.12,40549000.0,,395880000.0,2255231000.0,2275121000.0,,428481000.0,,,,,,,257985000.0,,86319000.0,,,7502150000.0,,,,,,548893000.0,248710000.0,0.0,,,767848000.0,1535202000.0,,,487803000.0,,106985000.0,,293438000.0,261658000.0,,1138621000.0,-4788000.0,,294649000.0,267878000.0,,,,,1069725000.0,,293438000.0,,,,683964000.0,,,,,,,-242221000.0,,,720962000.0,10096000.0,,129000.0,,969672000.0,,1.13,0.0,900000.0,,-4747000.0,,87451000.0,,1768929000.0,-2754000.0,5246919000.0,,,,381430000.0,,2290860000.0,,,,,,,,,,,,,,,,,,,,,,,,,,,,,,,,,,,
1970-01-01 00:00:01.285804800,,,,-5136000.0,,198911000.0,-468245000.0,,,487820000.0,,,,-9161000.0,,,,239864000.0,,,720962000.0,143699000.0,5030695000.0,,,,0.0,626757000.0,,,1079871000.0,885736000.0,,,174615000.0,,,,,-737700000.0,,,308151000.0,,,824480000.0,,286618000.0,,39224000.0,,-84952000.0,,1646852000.0,187190000.0,1641791000.0,,,17254000.0,75011000.0,230319000.0,,,-461259000.0,524054000.0,,,-38960000.0,-30927000.0,,,1175789000.0,1.05,-10630000.0,,194135000.0,2131131000.0,2379491000.0,,428241000.0,,,,,,,256075000.0,,-102772000.0,,,7394147000.0,,,,,,616697000.0,197835000.0,0.0,,,767262000.0,1499466000.0,,,553796000.0,,95918000.0,,254115000.0,242313000.0,,1138621000.0,-745000.0,,112179000.0,269313000.0,,,,,1068776000.0,,254115000.0,,,,-69754000.0,,,,,,,-433662000.0,,,626757000.0,11296000.0,,124000.0,,824592000.0,,1.06,0.0,9300000.0,,-10268000.0,,90128000.0,,1715342000.0,-49764000.0,5263016000.0,,,,389281000.0,,2323946000.0,,,,,,,,,,,,,,,,,,,,,,,,,,,,,,,,,,,
1970-01-01 00:00:01.293753600,2540420000.0,581889000.0,36100000.0,-20838000.0,-99227000.0,22122000.0,0.0,0.0,,178331000.0,1005273000.0,1289611000.0,-81410000.0,-21610000.0,-767166000.0,-2077579000.0,2408800000.0,,1620107000.0,-18073000.0,626757000.0,162529000.0,5396506000.0,,464923000.0,185079000.0,0.0,759598000.0,0.0,-173055000.0,1118768000.0,443453000.0,,,200950000.0,41300000.0,41300000.0,,,-767166000.0,137153000.0,124000.0,344224000.0,331333000.0,,1050122000.0,115466000.0,454033000.0,4316161000.0,33232000.0,5552073000.0,-32500000.0,,1872481000.0,350521000.0,1641634000.0,289066000.0,1248604000.0,103039000.0,78769000.0,-5234000.0,22122000.0,277184000.0,225926000.0,45869000.0,-157428000.0,,-48835000.0,-20166000.0,2643050000.0,200950000.0,1219072000.0,,51290000.0,1451618000.0,675315000.0,2540420000.0,2408800000.0,-4527000.0,431056000.0,400262000.0,898573000.0,2747143000.0,,1066379000.0,,325599000.0,605329000.0,138360000.0,1005273000.0,252307000.0,8092493000.0,,,1146314000.0,1229906000.0,8092493000.0,605329000.0,448146000.0,0.0,3559000.0,5396506000.0,991299000.0,1592928000.0,2668694000.0,354101000.0,464923000.0,183486000.0,100304000.0,448146000.0,240278000.0,,345325000.0,1146314000.0,-318994000.0,167826000.0,271752000.0,289066000.0,1872481000.0,4716423000.0,3.98,-1992886000.0,1066379000.0,,240278000.0,-1784919000.0,759598000.0,,-518622000.0,254867000.0,,1050122000.0,1772826000.0,1569018000.0,,-615618000.0,1624673000.0,1592928000.0,759598000.0,137153000.0,162529000.0,124000.0,-325312000.0,1207744000.0,1641634000.0,,0.0,9500000.0,325599000.0,129179000.0,991299000.0,94012000.0,1207744000.0,1772826000.0,-26508000.0,5552073000.0,0.0,,759598000.0,382221000.0,3.94,2643050000.0,-21610000.0,,,,,,,,,,,,,,,,,,,,,,,,,,,,,,,,,,
1970-01-01 00:00:01.301529600,,,,-6498000.0,,24491000.0,-195287000.0,,,827918000.0,,,,-992000.0,,,,241536000.0,,,759598000.0,159136000.0,5604159000.0,,,,0.0,790675000.0,,,1100229000.0,666159000.0,,,218504000.0,47400000.0,,,,,,,319310000.0,,-2113000.0,978846000.0,,527979000.0,,33119000.0,,0.0,,2166813000.0,426234000.0,1673502000.0,,,91155000.0,117468000.0,3888000.0,,,-99832000.0,293633000.0,,,-43105000.0,71974000.0,,,1203342000.0,1.2,-233137000.0,,434070000.0,2628315000.0,,,253578000.0,,,,,,,356261000.0,,26951000.0,,,8293524000.0,,,,,,687609000.0,437870000.0,163548000.0,,,1113549000.0,1640378000.0,,,270100000.0,,103113000.0,,294331000.0,244551000.0,,1146314000.0,-2336000.0,,308766000.0,295260000.0,,,,,1065613000.0,,293800000.0,,,,-126795000.0,,,,,,,-911608000.0,,,790675000.0,134779000.0,,125000.0,,1228545000.0,,1.22,0.0,9200000.0,,6413000.0,,92545000.0,,1731844000.0,-90712000.0,5665209000.0,,,,210473000.0,,2619224000.0,,,,,,,,,,,,,,,,,,,,,,,,,,,,,,,,,,,
1970-01-01 00:00:01.309392000,,,,-18210000.0,,201794000.0,-191288000.0,,,381753000.0,,,,25713000.0,,,,242375000.0,,,790675000.0,170746000.0,5977050000.0,,,,0.0,697526000.0,,,1108144000.0,695131000.0,,,196784000.0,,,,,-771100000.0,,,354351000.0,,-5135000.0,954330000.0,,497785000.0,,24280000.0,,0.0,,2454848000.0,399085000.0,1712869000.0,,,194728000.0,95036000.0,9260000.0,,,21907000.0,285644000.0,,,-57629000.0,-23348000.0,,,1208647000.0,1.18,41482000.0,,413013000.0,2688623000.0,2483969000.0,,429666000.0,,,,,,,351685000.0,,-95217000.0,,,8621979000.0,,,,,,666960000.0,629218000.0,0.0,,,1395306000.0,1611455000.0,,,641273000.0,,100503000.0,,288034000.0,244966000.0,,1146314000.0,-9828000.0,,304049000.0,308254000.0,,,,,1062986000.0,,288034000.0,,,,-546790000.0,,,,,,,-870914000.0,,,697526000.0,131981000.0,,127000.0,,1326744000.0,,1.19,0.0,8400000.0,,23602000.0,,90300000.0,,1678867000.0,35803000.0,5933356000.0,,,,372037000.0,,2565785000.0,,,,,,,,,,,,,,,,,,,,,,,,,,,,,,,,,,,
1970-01-01 00:00:01.317340800,,,,-11059000.0,,194199000.0,0.0,,,306628000.0,,,,7571000.0,,,,242883000.0,,,697526000.0,159197000.0,6229148000.0,,,,0.0,575140000.0,,,1186407000.0,696111000.0,,,238175000.0,,,,,-749100000.0,,,342873000.0,,-4212000.0,885346000.0,,576060000.0,,29226000.0,,0.0,,2806523000.0,480766000.0,1572259000.0,,,13583000.0,127104000.0,24992000.0,,,-99128000.0,301391000.0,,,-80997000.0,67072000.0,,,1309934000.0,1.43,21904000.0,,490296000.0,2837288000.0,2321359000.0,,570523000.0,,,,,,,384450000.0,,-115782000.0,,,8802204000.0,,,,,,581052000.0,944381000.0,0.0,,,1587229000.0,1683264000.0,,,674743000.0,,123527000.0,,351826000.0,245366000.0,,1146314000.0,-6903000.0,,353662000.0,310934000.0,,,,,1060639000.0,,351826000.0,,,,-587177000.0,,,,,,,-814963000.0,,,575140000.0,3422000.0,,128000.0,,1519521000.0,,1.45,0.0,7927000.0,,-108499000.0,,87367000.0,,1659114000.0,37575000.0,5964916000.0,,,,489526000.0,,2568610000.0,,,,,,,,,,,,,,,,,,,,,,,,,,,,,,,,,,,
1970-01-01 00:00:01.325289600,2975427000.0,759598000.0,33000000.0,-23452000.0,-73374000.0,2063981000.0,-111400000.0,0.0,,801694000.0,1234428000.0,1373904000.0,153576000.0,-26535000.0,-782113000.0,-497975000.0,2353500000.0,242959000.0,1952283000.0,-11459000.0,575140000.0,186448000.0,6426987000.0,,677210000.0,-242415000.0,0.0,514542000.0,909597000.0,-252175000.0,1187072000.0,777333000.0,,,248644000.0,,,,,-782113000.0,3292000.0,128000.0,357369000.0,444528000.0,1000.0,912889000.0,-125078000.0,460605000.0,4581854000.0,26380000.0,6074177000.0,-5000000.0,,3106761000.0,405130000.0,1571387000.0,326843000.0,1219602000.0,15184000.0,104919000.0,39042000.0,2063981000.0,77182000.0,-142809000.0,338933000.0,-5000000.0,,-70444000.0,37878000.0,2622617000.0,248644000.0,1326710000.0,1.22,-14861000.0,1475566000.0,409739000.0,2975427000.0,2353500000.0,-59219000.0,473974000.0,466780000.0,1266686000.0,2838137000.0,,1060808000.0,,400276000.0,584603000.0,-58367000.0,1234428000.0,242395000.0,9049604000.0,,,1146314000.0,1711214000.0,9049604000.0,584603000.0,1176115000.0,909597000.0,-184612000.0,6426987000.0,1748285000.0,1709728000.0,2317993000.0,358933000.0,677210000.0,314650000.0,139638000.0,1176115000.0,300238000.0,245382000.0,-1650294000.0,1146314000.0,-4609000.0,113005000.0,300211000.0,326843000.0,3106761000.0,5048634000.0,5.09,-3713319000.0,1060808000.0,,300238000.0,-319862000.0,514542000.0,,-389532000.0,245033000.0,,912889000.0,1608191000.0,1743717000.0,,-1115834000.0,1727741000.0,1709728000.0,514542000.0,3292000.0,186448000.0,128000.0,-32503000.0,1690657000.0,1571387000.0,1.24,0.0,7496000.0,400276000.0,-46594000.0,1748285000.0,88721000.0,1690657000.0,1608191000.0,-56040000.0,6074177000.0,0.0,,514542000.0,403530000.0,5.04,2622617000.0,-26535000.0,,,,,,,,,,,,,,,,,,,,,,,,,,,,,,,,,,
1970-01-01 00:00:01.333152000,,,,,,122126000.0,-463171000.0,,,824434000.0,,,,-17710000.0,,,,239754000.0,,,514542000.0,173330000.0,6305901000.0,,,,-19772000.0,298139000.0,,,1158817000.0,789164000.0,,,324264000.0,,,,,-821500000.0,,,385983000.0,,,1337319000.0,,542459000.0,,32396000.0,,-72401000.0,,3409308000.0,384514000.0,1617459000.0,,,24080000.0,82148000.0,-29073000.0,,,-416264000.0,355962000.0,,,-54551000.0,-3876000.0,,,1292014000.0,1.25,-191133000.0,,369653000.0,2677950000.0,2438959000.0,,194625000.0,,,,,,,517406000.0,,-221021000.0,,,9113549000.0,,,,,,684242000.0,978473000.0,0.0,,,1840880000.0,1467682000.0,,,660562000.0,,133197000.0,,302661000.0,241828000.0,,1193279000.0,23861000.0,,302366000.0,337619000.0,,,,,626012000.0,,302661000.0,,,,618000.0,,,,,,,-677092000.0,,,298139000.0,453361000.0,,129000.0,,1276612000.0,,1.26,0.0,74000000.0,,22827000.0,,83945000.0,,1783981000.0,-89066000.0,6435599000.0,,,,140074000.0,,2805001000.0,,,,,,,,,,,,,,,,,,,,,,,,,,,,,,,,,,,
1970-01-01 00:00:01.341014400,,,,,,149247000.0,-446780000.0,,,599497000.0,,,,-50557000.0,,,,238988000.0,,,298139000.0,159152000.0,6268297000.0,,,,-2875000.0,456811000.0,,,1281839000.0,762119000.0,,,282904000.0,,,,,-854700000.0,,,380278000.0,,,1432865000.0,,606297000.0,,28071000.0,,0.0,,3796154000.0,508673000.0,1622812000.0,,,19001000.0,121021000.0,8003000.0,,,-417440000.0,329559000.0,,,-72896000.0,-39955000.0,,,1420951000.0,1.61,161697000.0,,519720000.0,2868919000.0,2477512000.0,,635581000.0,,,,,,,534358000.0,,165025000.0,,,9162380000.0,,,,,,683841000.0,949239000.0,0.0,,,1739773000.0,1458830000.0,,,762353000.0,,139112000.0,,386846000.0,240622000.0,,1197904000.0,-11197000.0,,387141000.0,362940000.0,,,,,641568000.0,,386846000.0,,,,-53116000.0,,,,,,,-576842000.0,,,456811000.0,453045000.0,,127000.0,,1406050000.0,,1.62,0.0,7000000.0,,10339000.0,,90624000.0,,1732972000.0,78308000.0,6293461000.0,,,,562685000.0,,2891695000.0,,,,,,,,,,,,,,,,,,,,,,,,,,,,,,,,,,,
1970-01-01 00:00:01.348963200,,,,,,126210000.0,-53220000.0,,,489450000.0,,,,-51115000.0,,,,236474000.0,,,456811000.0,157424000.0,6659552000.0,,,,-15367000.0,451723000.0,,,958404000.0,732406000.0,,,249577000.0,,,,,-898317000.0,,,375176000.0,,,1521093000.0,,633605000.0,,27911000.0,,0.0,,4194551000.0,530702000.0,1676583000.0,,,15197000.0,131044000.0,27113000.0,,,-28250000.0,304217000.0,,,-58064000.0,-43027000.0,,,1097762000.0,1.67,37185000.0,,225998000.0,3055388000.0,2574900000.0,,541784000.0,,,,,,,539569000.0,,-8856000.0,,,9630621000.0,,,,,,661519000.0,1154071000.0,0.0,,,2012678000.0,1447588000.0,,,866208000.0,,139358000.0,,398400000.0,238125000.0,,1204740000.0,307552000.0,,398400000.0,392900000.0,,,,,658442000.0,,398400000.0,,,,-522390000.0,,,,,,,-938409000.0,,,451723000.0,453209000.0,,127000.0,,1605794000.0,,1.68,0.0,8700000.0,,9773000.0,,94203000.0,,1681232000.0,29244000.0,6575233000.0,,,,483720000.0,,2968681000.0,,,,,,,,,,,,,,,,,,,,,,,,,,,,,,,,,,,
1970-01-01 00:00:01.356912000,3244337000.0,514542000.0,36500000.0,-57886000.0,3571000.0,404406000.0,-21544000.0,274054000.0,,846235000.0,1380033000.0,1277465000.0,-116900000.0,-55305000.0,-941100000.0,-984715000.0,2683326000.0,236612000.0,2040688000.0,-2428000.0,451723000.0,203999000.0,6963795000.0,,583400000.0,52077000.0,-3927000.0,570721000.0,1204010000.0,-261182000.0,1284113000.0,850049000.0,,,217272000.0,148000000.0,148000000.0,,,-941100000.0,453379000.0,127000.0,375977000.0,470554000.0,,1657389000.0,42172000.0,485012000.0,4970967000.0,30188000.0,6885781000.0,0.0,,4486794000.0,431217000.0,1742226000.0,447373000.0,1334919000.0,9215000.0,136341000.0,52696000.0,404406000.0,58739000.0,-15524000.0,345180000.0,-72401000.0,,-75671000.0,-30042000.0,3166323000.0,217272000.0,1417941000.0,1.23,95979000.0,1618715000.0,434064000.0,3244337000.0,2683326000.0,-140309000.0,507907000.0,545494000.0,1380033000.0,3132483000.0,,687396000.0,,604266000.0,686848000.0,116929000.0,1380033000.0,237938000.0,10130118000.0,,,1201296000.0,1855105000.0,10130118000.0,686848000.0,1134989000.0,1204010000.0,103728000.0,6963795000.0,2310712000.0,1508934000.0,2759616000.0,365648000.0,583400000.0,67493000.0,133828000.0,1134989000.0,292127000.0,238324000.0,-950342000.0,1201296000.0,-2847000.0,118566000.0,292127000.0,447373000.0,4486794000.0,5516461000.0,5.8,-3334434000.0,687396000.0,,292127000.0,-877478000.0,570721000.0,,-375454000.0,239740000.0,,1657389000.0,1631547000.0,1838484000.0,,-1142091000.0,1879897000.0,1508934000.0,570721000.0,453379000.0,203999000.0,127000.0,16621000.0,1705710000.0,1742226000.0,1.23,274054000.0,13400000.0,604266000.0,-767000.0,2310712000.0,96876000.0,1705710000.0,1631547000.0,-14915000.0,6885781000.0,-41941000.0,,570721000.0,432236000.0,5.76,3166323000.0,-55305000.0,,,,,,,,,,,,,,,,,,,,,,,,,,,,,,,,,,
1970-01-01 00:00:01.364688000,,,,-60809000.0,,169939000.0,-41023000.0,,,4329506000.0,,,,-67975000.0,,,,236837000.0,,,570721000.0,165207000.0,7339010000.0,,,,-2979596000.0,663302000.0,,,1281347000.0,773596000.0,,,156667000.0,157100000.0,,,,-983800000.0,,,352598000.0,,-450000000.0,1281669000.0,,605021000.0,,36757000.0,,0.0,,4913543000.0,496068000.0,1736811000.0,,,21817000.0,65508000.0,-33442000.0,,,-238424000.0,284340000.0,,,-33289000.0,-66525000.0,,,1415096000.0,1.79,-282053000.0,,507751000.0,5328838000.0,2720611000.0,,178939000.0,,,,,,,674944000.0,,96456000.0,,,10164717000.0,,,,,,753611000.0,2968000000.0,21700000.0,,,306839000.0,1543442000.0,,,593500000.0,,133749000.0,,426749000.0,238304000.0,,1210718000.0,-4526000.0,,426749000.0,506557000.0,,,,,711831000.0,,426749000.0,,,,155941000.0,,,,,,,-1160680000.0,,,663302000.0,203317000.0,,128000.0,,3631302000.0,,1.8,306839000.0,11500000.0,,30782000.0,,97453000.0,,1581500000.0,-75546000.0,4835868000.0,,,,145650000.0,,2825111000.0,,,,,,,,,,,,,,,,,,,,,,,,,,,,,,,,,,,
1970-01-01 00:00:01.372550400,,,,-68362000.0,,173708000.0,0.0,,,75201000.0,,,,-55136000.0,,,,237484000.0,,,663302000.0,163094000.0,7901549000.0,,,,2972722000.0,392507000.0,,,1492745000.0,840700000.0,,,313341000.0,167400000.0,,,,-1030400000.0,,,431012000.0,,-2340000.0,1304045000.0,,787826000.0,,30630000.0,,0.0,,5404213000.0,652099000.0,1787776000.0,,,17185000.0,159140000.0,-9053000.0,,,-170763000.0,327463000.0,,,-3316870000.0,-51522000.0,,,1723473000.0,2.06,36060000.0,,652045000.0,2523221000.0,2818176000.0,,625212000.0,,,,,,,595671000.0,,-271792000.0,,,10841590000.0,,,,,,861457000.0,275163000.0,27900000.0,,,640991000.0,1635400000.0,,,675500000.0,,230728000.0,,490670000.0,238743000.0,,1210718000.0,6482000.0,,490670000.0,570390000.0,,,,,726388000.0,,490670000.0,,,,-726241000.0,,,,,,,-457294000.0,,,392507000.0,3188000.0,,128000.0,,667670000.0,,2.07,533852000.0,7300000.0,,14392000.0,,128427000.0,,4678900000.0,-110142000.0,8318385000.0,,,,-2691658000.0,,2939445000.0,,,,,,,,,,,,,,,,,,,,,,,,,,,,,,,,,,,
1970-01-01 00:00:01.380499200,,,,-53643000.0,,205635000.0,-359285000.0,,,620511000.0,,,,-29315000.0,,,,237070000.0,,,392507000.0,166709000.0,8125092000.0,,,,-9080000.0,427811000.0,,,1593084000.0,915599000.0,,,302483000.0,240700000.0,,,,-1074000000.0,,,405584000.0,,0.0,1518674000.0,,833968000.0,,37464000.0,,0.0,,5891829000.0,679891000.0,1806074000.0,,,17365000.0,186105000.0,5918000.0,,,-318522000.0,410017000.0,,,-80188000.0,-48140000.0,,,1827780000.0,2.05,41587000.0,,677485000.0,2643672000.0,2880074000.0,,671922000.0,,,,,,,608510000.0,,29008000.0,,,11250249000.0,,,,,,891396000.0,240882000.0,29100000.0,,,1009586000.0,1605887000.0,,,702200000.0,,234696000.0,,487616000.0,238349000.0,,1210718000.0,7546000.0,,487616000.0,614483000.0,,,,,694894000.0,,487616000.0,,,,-324392000.0,,,,,,,-855635000.0,,,427811000.0,3385000.0,,128000.0,,668693000.0,,2.06,636028000.0,6600000.0,,23398000.0,,147477000.0,,4580200000.0,-34172000.0,8606578000.0,,,,591734000.0,,3124561000.0,,,,,,,,,,,,,,,,,,,,,,,,,,,,,,,,,,,
1970-01-01 00:00:01.388448000,3184934000.0,570721000.0,31900000.0,-61146000.0,-126753000.0,478796000.0,-1000.0,594350000.0,,164834000.0,1862341000.0,1712051000.0,-245077000.0,-27745000.0,-1118300000.0,-400309000.0,2869010000.0,236283000.0,2833012000.0,-452340000.0,427811000.0,219913000.0,8620838000.0,,839100000.0,23882000.0,23325000.0,602562000.0,1754785000.0,-3509000000.0,1707297000.0,1054514000.0,,,232554000.0,172700000.0,172700000.0,,,-1118300000.0,3494000.0,128000.0,522857000.0,601014000.0,0.0,1758279000.0,69351000.0,762207000.0,6074473000.0,31442000.0,8678401000.0,-15000000.0,,6349135000.0,652521000.0,1750710000.0,659003000.0,1444053000.0,10403000.0,190261000.0,8965000.0,478796000.0,-27612000.0,11181000.0,422233000.0,-15000000.0,,-78653000.0,-78890000.0,3242497000.0,232554000.0,1965850000.0,1.92,291799000.0,-1163922000.0,652783000.0,3184934000.0,2869010000.0,-243960000.0,869005000.0,857726000.0,1862341000.0,3584409000.0,,592433000.0,,659231000.0,824406000.0,170210000.0,1862341000.0,236919000.0,11863335000.0,,,1232916000.0,2480579000.0,11863335000.0,824406000.0,620167000.0,1754785000.0,87393000.0,8620838000.0,1220122000.0,1484218000.0,5190052000.0,531740000.0,839100000.0,66770000.0,258553000.0,620167000.0,457306000.0,237627000.0,-1604668000.0,1232916000.0,-262000.0,136293000.0,457306000.0,659003000.0,6349135000.0,6932199000.0,7.86,-3278091000.0,592433000.0,,457306000.0,-716528000.0,602562000.0,,-709976000.0,238308000.0,,1758279000.0,4474653000.0,2490064000.0,,-804482000.0,2345078000.0,1484218000.0,602562000.0,3494000.0,219913000.0,128000.0,-9485000.0,1222729000.0,1750710000.0,1.94,594350000.0,6400000.0,659231000.0,779000.0,1220122000.0,158383000.0,1222729000.0,4474653000.0,93107000.0,8678401000.0,7371000.0,,602562000.0,790352000.0,7.81,3242497000.0,-27745000.0,,,,,,,,,,,,,,,,,,,,,,,,,,,,,,,,,,
1970-01-01 00:00:01.396224000,,,,-16980000.0,,295260000.0,0.0,,,757512000.0,,,,-22355000.0,,,,236786000.0,,,602562000.0,212809000.0,9136711000.0,,,,-6002000.0,828601000.0,,,1850506000.0,1183816000.0,,,200901000.0,205400000.0,,,,-1163900000.0,,,511674000.0,,0.0,1594204000.0,,864310000.0,,46340000.0,,-25000000.0,,6829091000.0,665747000.0,1744266000.0,,,22363000.0,178414000.0,-71476000.0,,,114875000.0,528884000.0,,,-54306000.0,-79558000.0,,,2129751000.0,2.02,-461371000.0,,666690000.0,3525024000.0,2908166000.0,,104626000.0,,,,,,,702951000.0,,225494000.0,,,12230131000.0,,,,,,1018487000.0,431610000.0,21000000.0,,,1363541000.0,1494864000.0,,,813300000.0,,279245000.0,,479956000.0,237849000.0,,1232916000.0,3958000.0,,479728000.0,672750000.0,,,,,591012000.0,,479956000.0,,,,5993000.0,,,,,,,-666211000.0,,,828601000.0,3550000.0,,128000.0,,1260211000.0,,2.03,639269000.0,7600000.0,,92512000.0,,190963000.0,,4364300000.0,-197685000.0,8705023000.0,,,,50320000.0,,3089068000.0,,,,,,,,,,,,,,,,,,,,,,,,,,,,,,,,,,,
1970-01-01 00:00:01.404086400,,,,-55709000.0,,346787000.0,-336905000.0,,,560013000.0,,,,-26678000.0,,,,236661000.0,,,828601000.0,224931000.0,9561299000.0,,,,-4743000.0,863197000.0,,,2129565000.0,1140721000.0,,,139092000.0,145000000.0,,,,-1210600000.0,,,576622000.0,,0.0,1916575000.0,,1164825000.0,,37516000.0,,0.0,,7543597000.0,993586000.0,1756164000.0,,,11114000.0,268521000.0,7263000.0,,,-322360000.0,447273000.0,,,-64002000.0,-66948000.0,,,2421452000.0,3.01,125491000.0,,988844000.0,3925013000.0,2966764000.0,,990593000.0,,,,,,,711014000.0,,38106000.0,,,12917998000.0,,,,,,1002328000.0,709869000.0,185700000.0,,,1622628000.0,1436197000.0,,,1076400000.0,,291887000.0,,714506000.0,237401000.0,,1364815000.0,9481000.0,,723132000.0,715935000.0,,,,,586091000.0,,714506000.0,,,,-630127000.0,,,,,,,-1121395000.0,,,863197000.0,3386000.0,,128000.0,,1573066000.0,,3.02,611791000.0,7100000.0,,3431000.0,,164139000.0,,4249400000.0,8724000.0,8993007000.0,,,,926591000.0,,3352772000.0,,,,,,,,,,,,,,,,,,,,,,,,,,,,,,,,,,,
1970-01-01 00:00:01.412035200,,,,-47201000.0,,396471000.0,-23076000.0,,,625346000.0,,,,-37987000.0,,,,236217000.0,,,863197000.0,233629000.0,10427696000.0,,,,-2386000.0,1186281000.0,,,2208807000.0,1110041000.0,,,90357000.0,110000000.0,,,,-1246400000.0,,,570436000.0,,-2674000.0,1940687000.0,,1319094000.0,,35652000.0,,-150000000.0,,8400455000.0,1136288000.0,1724129000.0,,,11483000.0,274774000.0,-31498000.0,,,-35123000.0,417174000.0,,,-62546000.0,-82767000.0,,,2511446000.0,3.62,-38880000.0,,1098766000.0,4372111000.0,2970529000.0,,914033000.0,,,,,,,658236000.0,,338346000.0,,,13704142000.0,,,,,,1091232000.0,675065000.0,219300000.0,,,1936944000.0,1332570000.0,,,1110900000.0,,302639000.0,,856858000.0,236972000.0,,1541204000.0,41312000.0,,856120000.0,753063000.0,,,,,583977000.0,,856858000.0,,,,-540564000.0,,,,,,,-950978000.0,,,1186281000.0,3220000.0,,129000.0,,1861346000.0,,3.63,565513000.0,7400000.0,,-20856000.0,,175406000.0,,4129800000.0,-108096000.0,9332077000.0,,,,851487000.0,,3273257000.0,,,,,,,,,,,,,,,,,,,,,,,,,,,,,,,,,,,
1970-01-01 00:00:01.419984000,4672673000.0,602562000.0,29500000.0,-66027000.0,-512389000.0,730822000.0,-526798000.0,618795000.0,,776052000.0,2934784000.0,2232342000.0,-308222000.0,-59488000.0,-1186400000.0,-886779000.0,2952083000.0,235481000.0,4406524000.0,-2674000.0,1186281000.0,229178000.0,10814040000.0,,1304600000.0,643266000.0,-2867000.0,1204924000.0,2216570000.0,-287751000.0,2343410000.0,1180947000.0,,,50656000.0,120900000.0,120900000.0,,,-1186400000.0,3136000.0,129000.0,573610000.0,989942000.0,0.0,2219706000.0,78693000.0,1269709000.0,8532288000.0,35794000.0,9643886000.0,-200000000.0,,9283919000.0,1151012000.0,1765683000.0,804022000.0,1893422000.0,9927000.0,268233000.0,45391000.0,730822000.0,-50320000.0,-513265000.0,500091000.0,-375000000.0,,-106897000.0,-78949000.0,3502519000.0,50656000.0,2640675000.0,3.74,-109600000.0,2654364000.0,1162463000.0,4672673000.0,2952083000.0,-185917000.0,932863000.0,1171036000.0,2941565000.0,4615525000.0,,582061000.0,,650096000.0,1292445000.0,41320000.0,2934784000.0,236359000.0,14316559000.0,,,1760249000.0,3946633000.0,14316559000.0,1292445000.0,640460000.0,2216570000.0,-484360000.0,10814040000.0,2089447000.0,1282813000.0,2718923000.0,688150000.0,1304600000.0,54887000.0,297265000.0,640460000.0,883464000.0,236292000.0,-1542976000.0,1760249000.0,-11451000.0,155302000.0,882585000.0,804022000.0,9283919000.0,9703324000.0,12.42,-3583150000.0,582061000.0,,883464000.0,-755873000.0,1204924000.0,,-378278000.0,237176000.0,,2219706000.0,4028507000.0,3916763000.0,,-844566000.0,2942115000.0,1282813000.0,1204924000.0,3136000.0,229178000.0,129000.0,29870000.0,1845384000.0,1765683000.0,3.75,618795000.0,7400000.0,650096000.0,3606000.0,2089447000.0,157642000.0,1845384000.0,4028507000.0,-215332000.0,9643886000.0,-15998000.0,,1204924000.0,825966000.0,12.37,3502519000.0,-59488000.0,,,,,,,,,,,,,,,,,,,,,,,,,,,,,,,,,,
1970-01-01 00:00:01.427760000,,,,-21507000.0,,891555000.0,,,,373563000.0,,,,-70538000.0,,,,234995000.0,,,1204924000.0,236128000.0,11669458000.0,,,,-6748000.0,1478051000.0,,,2242532000.0,1116813000.0,,,130564000.0,124900000.0,,,,-1217800000.0,,,560361000.0,,,1946231000.0,,1221622000.0,,52063000.0,,-448798000.0,,10106460000.0,1102889000.0,1739628000.0,,,25614000.0,281881000.0,-32921000.0,,,80756000.0,460549000.0,,,-97830000.0,16739000.0,,,2554963000.0,3.49,-270955000.0,,1125719000.0,5258896000.0,2957428000.0,,733037000.0,,,,,,,892529000.0,,311022000.0,,,15219454000.0,,,,,,1389995000.0,673946000.0,1942977000.0,,,2017955000.0,1603765000.0,,,1057600000.0,,312431000.0,,822541000.0,235630000.0,,1849852000.0,-22830000.0,,820174000.0,825349000.0,,,,,580672000.0,,822541000.0,,,,-502771000.0,,,,,,,-322958000.0,,,1478051000.0,3254000.0,,129000.0,,2151997000.0,,3.5,640630000.0,6700000.0,,55142000.0,,147937000.0,,4353123000.0,-128287000.0,9960558000.0,,,,635207000.0,,3549996000.0,,,,,,,,,,,,,,,,,,,,,,,,,,,,,,,,,,,
1970-01-01 00:00:01.435622400,,,,-59787000.0,,750039000.0,,,,601954000.0,,,,-101025000.0,,,,235286000.0,,,1478051000.0,282702000.0,12572577000.0,,,,-3371000.0,1282078000.0,,,2305522000.0,1074627000.0,,,138403000.0,62500000.0,,,,-1274200000.0,,,491895000.0,,,2555833000.0,,1372593000.0,,41614000.0,,0.0,,11033736000.0,1222207000.0,1837670000.0,,,9113000.0,292501000.0,27113000.0,,,-3537000.0,490728000.0,,,-129858000.0,-107386000.0,,,2591642000.0,3.93,16468000.0,,1230895000.0,5618985000.0,3111870000.0,,1047220000.0,,,,,,,691230000.0,,-209680000.0,,,16759171000.0,,,,,,1310821000.0,1086595000.0,493500000.0,,,2853384000.0,1630340000.0,,,1535200000.0,,286120000.0,,927276000.0,235718000.0,,2154341000.0,-7199000.0,,924825000.0,865738000.0,,,,,576207000.0,,927276000.0,,,,-1253363000.0,,,,,,,-1722088000.0,,,1282078000.0,3262000.0,,129000.0,,2368673000.0,,3.94,751588000.0,5800000.0,,29543000.0,,144586000.0,,4294800000.0,89380000.0,11140195000.0,,,,917362000.0,,4186173000.0,,,,,,,,,,,,,,,,,,,,,,,,,,,,,,,,,,,
1970-01-01 00:00:01.443571200,,,,-69093000.0,,861882000.0,-2955997000.0,,,2387857000.0,,,,-157416000.0,,,,232191000.0,,,1282078000.0,251228000.0,10572726000.0,,,,-23501000.0,4089003000.0,,,2467831000.0,1095755000.0,,,136761000.0,58400000.0,,,,-1320500000.0,,,477827000.0,,,2633971000.0,,1523596000.0,,37860000.0,,-300000000.0,,11999358000.0,1356419000.0,2027821000.0,,,10782000.0,330093000.0,37372000.0,,,2907584000.0,519863000.0,,,-229197000.0,-95155000.0,,,2777859000.0,4.15,-255699000.0,,1372076000.0,9270873000.0,3348321000.0,,895448000.0,,,,,,,643018000.0,,2813095000.0,,,20728368000.0,,,,,,1327780000.0,1753499000.0,479500000.0,,,2839575000.0,7527454000.0,,,1646300000.0,,310028000.0,,965622000.0,232612000.0,,2408854000.0,-5444000.0,,1019493000.0,918921000.0,,,,,6529275000.0,,965622000.0,,,,-989937000.0,,,,,,,-2825096000.0,,,4089003000.0,5171000.0,,124000.0,,5842502000.0,,4.16,892221000.0,15600000.0,,-76054000.0,,151577000.0,,4181200000.0,-24701000.0,11457450000.0,,,,666251000.0,,10161425000.0,,,,,,,,,,,,,,,,,,,,,,,,,,,,,,,,,,,
1970-01-01 00:00:01.451520000,6700300000.0,1204900000.0,95500000.0,-24013000.0,29000000.0,1151400000.0,-2001810000.0,1107600000.0,,699626000.0,3547000000.0,2113100000.0,-145600000.0,-224000000.0,-1330100000.0,-5000000000.0,3517700000.0,220400000.0,5397500000.0,-2100000.0,4089003000.0,267400000.0,9374900000.0,,1770300000.0,148900000.0,-26280000.0,1308000000.0,504700000.0,-643000000.0,2507500000.0,1221300000.0,,,124900000.0,55700000.0,55700000.0,,,-1330100000.0,4800000.0,100000.0,583000000.0,1161600000.0,-17000.0,2577700000.0,3800000.0,1382800000.0,9523400000.0,29863000.0,12804500000.0,-300002000.0,,12208400000.0,1085800000.0,2187600000.0,893400000.0,2012800000.0,8691000.0,257100000.0,50636000.0,1151400000.0,82200000.0,-1998403000.0,541700000.0,-1048800000.0,,-186115000.0,40202000.0,10129900000.0,124900000.0,2839300000.0,3.77,-65314000.0,3073100000.0,1286200000.0,6700300000.0,3517700000.0,-174400000.0,1040395000.0,1240400000.0,3593200000.0,4508500000.0,,6521500000.0,,1030700000.0,1227000000.0,-2765537000.0,3547000000.0,230700000.0,19504800000.0,,,2663800000.0,4767300000.0,19504800000.0,1227000000.0,2120500000.0,504700000.0,-575500000.0,9374900000.0,3868000000.0,7552200000.0,4063000000.0,600400000.0,1770300000.0,54200000.0,331800000.0,2120500000.0,831600000.0,220800000.0,-4553600000.0,2663800000.0,-200400000.0,161400000.0,828700000.0,893400000.0,12208400000.0,10763800000.0,15.38,-6864900000.0,6521500000.0,,831600000.0,986400000.0,1308000000.0,,-1807529000.0,231200000.0,,2577700000.0,4085100000.0,5014900000.0,,-1994758000.0,3716100000.0,7552200000.0,1308000000.0,4800000.0,267400000.0,100000.0,-247600000.0,3428500000.0,2187600000.0,3.77,1107600000.0,67400000.0,1030700000.0,-4831000.0,3868000000.0,156300000.0,3428500000.0,4085100000.0,92608000.0,12804500000.0,-59900000.0,,1308000000.0,854280000.0,15.34,10129900000.0,-224000000.0,,,,,,,,,,,,,,,,,,,,,,,,,,,,,,,,,,
1970-01-01 00:00:01.459382400,,,,-88600000.0,,941100000.0,,,,1181100000.0,,,,-259300000.0,,,,218900000.0,,,1308000000.0,271300000.0,10326800000.0,,,,-43000000.0,1130700000.0,,,2413800000.0,1023400000.0,,,117800000.0,,,,,-1394400000.0,,,497300000.0,,,2776600000.0,,1538600000.0,,45300000.0,,-300000000.0,,13179300000.0,1325600000.0,2258900000.0,,,14500000.0,356400000.0,-20200000.0,,,47400000.0,437300000.0,,,-126900000.0,8900000.0,,,2726800000.0,4.43,-189500000.0,,1390400000.0,7201300000.0,3653300000.0,,963400000.0,,,,,,,916600000.0,,-192400000.0,,,20674700000.0,,,,,,1710200000.0,2454700000.0,505100000.0,,,4284400000.0,7570000000.0,,,1823500000.0,,313000000.0,,970900000.0,219300000.0,,2917900000.0,-12700000.0,,969200000.0,964600000.0,,,,,6535600000.0,,970900000.0,,,,-1203200000.0,,,,,,,-1914400000.0,,,1130700000.0,4900000.0,,100000.0,,3585400000.0,,4.44,1094600000.0,63300000.0,,32900000.0,,149700000.0,,4012200000.0,-160000000.0,13473400000.0,,,,836500000.0,,10346600000.0,,,,,,,,,,,,,,,,,,,,,,,,,,,,,,,,,,,
1970-01-01 00:00:01.467244800,,,,-39700000.0,,1027400000.0,,,,1642500000.0,,,,-282800000.0,,,,219100000.0,,,1130700000.0,225900000.0,11403800000.0,,,,-22900000.0,1362000000.0,,,2523900000.0,1052800000.0,,,105600000.0,,,,,-1471000000.0,,,492400000.0,,,2516200000.0,,1643300000.0,,38800000.0,,-300000000.0,,14229100000.0,1402000000.0,2301800000.0,,,9400000.0,353600000.0,40000000.0,,,-13400000.0,473100000.0,,,-136800000.0,-39100000.0,,,2894200000.0,4.79,-267700000.0,,1471100000.0,7447700000.0,3772800000.0,,995800000.0,,,,,,,951000000.0,,246300000.0,,,21514800000.0,,,,,,1627100000.0,2434800000.0,556700000.0,,,4630600000.0,7594900000.0,,,1844300000.0,,370300000.0,,1049800000.0,219400000.0,,3167100000.0,-18600000.0,,1048400000.0,996400000.0,,,,,6538300000.0,,1049800000.0,,,,-736100000.0,,,,,,,-1918900000.0,,,1362000000.0,4800000.0,,100000.0,,3796800000.0,,4.79,1153000000.0,65900000.0,,-22800000.0,,175400000.0,,3967600000.0,95000000.0,14067100000.0,,,,859000000.0,,10111100000.0,,,,,,,,,,,,,,,,,,,,,,,,,,,,,,,,,,,
1970-01-01 00:00:01.475193600,,,,-26800000.0,,1298300000.0,-348900000.0,,,2362200000.0,,,,-300900000.0,,,,218900000.0,,,1362000000.0,274000000.0,12114800000.0,,,,53100000.0,2084800000.0,,,2538900000.0,1096100000.0,,,98700000.0,,,,,-1528400000.0,,,462700000.0,,,2499700000.0,,1542500000.0,,33700000.0,,-300000000.0,,15030000000.0,1367200000.0,2387000000.0,,,11300000.0,337000000.0,13600000.0,,,-300600000.0,529000000.0,,,-280700000.0,-26600000.0,,,2955800000.0,4.71,-244500000.0,,1442800000.0,8091800000.0,3915400000.0,,986600000.0,,,,,,,960800000.0,,722200000.0,,,22104900000.0,,,,,,1467800000.0,2231200000.0,570500000.0,,,4336500000.0,7490400000.0,,,1729300000.0,,416900000.0,,1032900000.0,219400000.0,,3419700000.0,-75600000.0,,1030200000.0,1009700000.0,,,,,6529600000.0,,1032900000.0,,,,36200000.0,,,,,,,-1798400000.0,,,2084800000.0,4900000.0,,100000.0,,4316000000.0,,4.72,1239600000.0,66000000.0,,39700000.0,,180200000.0,,3869900000.0,-173100000.0,14013100000.0,,,,705900000.0,,9990100000.0,,,,,,,,,,,,,,,,,,,,,,,,,,,,,,,,,,,
1970-01-01 00:00:01.483142400,8732200000.0,1308000000.0,260000000.0,-10500000.0,-227500000.0,1393900000.0,-651100000.0,1335800000.0,,2193100000.0,3702800000.0,1947900000.0,-175000000.0,-319900000.0,-1439300000.0,-1000000000.0,3941100000.0,216600000.0,6038700000.0,-2700000.0,2084800000.0,279800000.0,12128600000.0,,2620600000.0,1049800000.0,-10000000.0,2326500000.0,580800000.0,-727700000.0,2493500000.0,1144700000.0,,,93100000.0,,,,,-1439300000.0,4700000.0,100000.0,495500000.0,1237300000.0,0.0,3336900000.0,-28800000.0,1453000000.0,9970100000.0,37000000.0,14144600000.0,-300000000.0,,15071600000.0,838200000.0,2501800000.0,1001600000.0,1973300000.0,8500000.0,190300000.0,57800000.0,1393900000.0,91200000.0,-721200000.0,533900000.0,-1200000000.0,,-183300000.0,-118200000.0,10748200000.0,93100000.0,2872000000.0,2.99,774700000.0,3794700000.0,1348800000.0,8732200000.0,3941100000.0,-165600000.0,1576600000.0,1478700000.0,3695700000.0,4317000000.0,,6512700000.0,,898600000.0,1441600000.0,273700000.0,3702800000.0,218400000.0,22876800000.0,,,3669300000.0,4933000000.0,22876800000.0,1441600000.0,2568600000.0,580800000.0,73000000.0,12128600000.0,4165200000.0,7411300000.0,7378900000.0,682700000.0,2620600000.0,43700000.0,378500000.0,2568600000.0,649200000.0,217000000.0,-2484800000.0,3669300000.0,-510600000.0,154800000.0,647900000.0,1001600000.0,15071600000.0,11448800000.0,16.96,-7913200000.0,6512700000.0,,649200000.0,-987800000.0,2326500000.0,,-581700000.0,218800000.0,,3336900000.0,3808300000.0,5653100000.0,,-2281500000.0,4522400000.0,7411300000.0,2326500000.0,4700000.0,279800000.0,100000.0,-720100000.0,4895100000.0,2501800000.0,3.0,1335800000.0,64800000.0,898600000.0,-78600000.0,4165200000.0,177400000.0,4895100000.0,3808300000.0,10600000.0,14144600000.0,-22800000.0,,2326500000.0,1393300000.0,16.93,10748200000.0,-319900000.0,,,,,,,,,,,,,,,,,,,,,,,,,,,,,,,,,,
1970-01-01 00:00:01.490918400,,,,-46200000.0,,1231900000.0,-583600000.0,,,1884300000.0,,,,-325200000.0,,,,215600000.0,,,2326500000.0,316400000.0,11479000000.0,,,,-6600000.0,924000000.0,,,2426100000.0,1391800000.0,,,94500000.0,,,,,-1438100000.0,,,499100000.0,,,2992500000.0,,1562100000.0,,37000000.0,,-300000000.0,,14781200000.0,986700000.0,2610900000.0,,,,239200000.0,18100000.0,,,-901400000.0,423400000.0,,,-1065200000.0,76100000.0,,,2810700000.0,3.46,-1155500000.0,,1034300000.0,6859700000.0,4049000000.0,,235200000.0,,,,,,,688800000.0,,-1410400000.0,,,21195900000.0,,,,,,1826000000.0,1956200000.0,516800000.0,,,4009700000.0,6736000000.0,,,1884100000.0,,384600000.0,,747600000.0,215900000.0,,3611700000.0,-900000.0,,747500000.0,921600000.0,,,,,5952700000.0,,747600000.0,,,,-744200000.0,,,,,,,-1256700000.0,,,924000000.0,561500000.0,,100000.0,,2880200000.0,,3.47,1184500000.0,63400000.0,,-292300000.0,,512000000.0,,4103900000.0,-195700000.0,14336200000.0,,,,-830000000.0,,9728500000.0,,,,,,,,,,,,,,,,,,,,,,,,,,,,,,,,,,,
1970-01-01 00:00:01.498780800,,,,-39100000.0,,1146100000.0,-781800000.0,,,1700200000.0,,,,-338800000.0,,,,211900000.0,,,924000000.0,330300000.0,11585200000.0,,,,-700000.0,1169500000.0,,,2712200000.0,1370400000.0,,,100800000.0,,,,,-1511400000.0,,,430200000.0,,,3379700000.0,,1498600000.0,,30300000.0,,-300000000.0,,14881700000.0,1132400000.0,2827600000.0,,,,269600000.0,55400000.0,,,-751000000.0,796200000.0,,,-322800000.0,-96600000.0,,,3078400000.0,4.07,14700000.0,,1341800000.0,7108700000.0,4339000000.0,,1169200000.0,,,,,,,750900000.0,,215600000.0,,,21759000000.0,,,,,,2133100000.0,1723500000.0,580700000.0,,,3901000000.0,6805700000.0,,,2250300000.0,,366200000.0,,862800000.0,212200000.0,,3870400000.0,-162700000.0,,862800000.0,936500000.0,,,,,5954000000.0,,862800000.0,,,,-202600000.0,,,,,,,-1279300000.0,,,1169500000.0,559900000.0,,100000.0,,2893000000.0,,4.07,1268300000.0,63600000.0,,23100000.0,,302600000.0,,4051300000.0,-105500000.0,14650300000.0,,,,846400000.0,,10185400000.0,,,,,,,,,,,,,,,,,,,,,,,,,,,,,,,,,,,
1970-01-01 00:00:01.506729600,,,,-85000000.0,,1485000000.0,0.0,,,888100000.0,,,,-329400000.0,,,,211400000.0,,,1169500000.0,298700000.0,12848900000.0,,,,2200000.0,1548100000.0,,,2707800000.0,1024300000.0,,,120700000.0,,,,,-1580600000.0,,,433800000.0,,,3448400000.0,,1792400000.0,,30100000.0,,-300000000.0,,16107700000.0,1609900000.0,2995900000.0,,,,383800000.0,53400000.0,,,-19500000.0,446400000.0,,,-279200000.0,-19200000.0,,,3077800000.0,5.79,160500000.0,,1683500000.0,7568000000.0,4576500000.0,,1628300000.0,,,,,,,837600000.0,,362000000.0,,,23073200000.0,,,,,,1567500000.0,1960200000.0,611500000.0,,,4362400000.0,6775900000.0,,,2213300000.0,,370000000.0,,1226100000.0,211800000.0,,4127500000.0,-73600000.0,,1226100000.0,1007200000.0,,,,,5938300000.0,,1226100000.0,,,,-1246800000.0,,,,,,,-1557900000.0,,,1548100000.0,573200000.0,,100000.0,,3508300000.0,,5.8,1300400000.0,61800000.0,,-23400000.0,,177400000.0,,4019400000.0,75400000.0,15505200000.0,,,,1349100000.0,,10224300000.0,,,,,,,,,,,,,,,,,,,,,,,,,,,,,,,,,,,
1970-01-01 00:00:01.514678400,7873300000.0,2326500000.0,250800000.0,75800000.0,-667600000.0,1494600000.0,0.0,1027500000.0,,1093300000.0,2539100000.0,1935500000.0,91700000.0,-318400000.0,-1559100000.0,-1365400000.0,4741500000.0,211500000.0,6342500000.0,-560900000.0,1548100000.0,395500000.0,12598100000.0,,2603600000.0,-792100000.0,-5900000.0,1573800000.0,844600000.0,-1962800000.0,2797800000.0,1329600000.0,,,122600000.0,,,,,-1559100000.0,3200000.0,100000.0,572400000.0,2458700000.0,-557700000.0,3368200000.0,-448400000.0,1608000000.0,10643900000.0,30600000.0,15779300000.0,-300000000.0,,15810400000.0,1399800000.0,3182400000.0,902700000.0,2253600000.0,,1566100000.0,217900000.0,1494600000.0,344800000.0,-708100000.0,587600000.0,-1200000000.0,,-295600000.0,131400000.0,11054500000.0,122600000.0,3307000000.0,-1.41,1215700000.0,2588200000.0,1468200000.0,7873300000.0,4741500000.0,-94500000.0,1518300000.0,1630000000.0,2670100000.0,5116100000.0,,5935000000.0,,1751300000.0,1787000000.0,40700000.0,2539100000.0,212600000.0,23652600000.0,,,4632500000.0,5128800000.0,23652600000.0,1787000000.0,2115200000.0,844600000.0,235400000.0,12598100000.0,4084800000.0,7686300000.0,5565900000.0,1081000000.0,2603600000.0,,509200000.0,2115200000.0,-297400000.0,212000000.0,-2963100000.0,4632500000.0,-68400000.0,128000000.0,-166300000.0,902700000.0,15810400000.0,12273900000.0,11.94,-5355200000.0,5935000000.0,,-297400000.0,-2380000000.0,1573800000.0,,-769500000.0,213000000.0,,3368200000.0,3879600000.0,5527800000.0,,-1261300000.0,4551000000.0,7686300000.0,1573800000.0,3200000.0,395500000.0,100000.0,-399000000.0,3689000000.0,3182400000.0,-1.41,1027500000.0,62000000.0,1751300000.0,-155800000.0,4084800000.0,89000000.0,3689000000.0,3879600000.0,-441800000.0,15779300000.0,-11000000.0,,1573800000.0,1222700000.0,11.92,11054500000.0,-318400000.0,,,,,,,,,,,,,,,,,,,,,,,,,,,,,,,,,,
1970-01-01 00:00:01.522454400,,,,2600000.0,,1449400000.0,-250000000.0,,,4068900000.0,,,,-303900000.0,,,,211400000.0,,,1573800000.0,345800000.0,14037500000.0,,,,1600000.0,4108000000.0,,,2685100000.0,1144400000.0,,,1331100000.0,,,,,-1631500000.0,,,501300000.0,,,3152100000.0,,1644600000.0,,43400000.0,,-600000000.0,,17334600000.0,1493700000.0,3334700000.0,,,,322500000.0,36100000.0,,,-268600000.0,496700000.0,,,-204700000.0,53100000.0,,,3131100000.0,5.54,-15600000.0,,1540700000.0,10195400000.0,4966200000.0,,1457100000.0,,,,,,,2971100000.0,,2535100000.0,,,26090100000.0,,,,,,1939200000.0,1808000000.0,524300000.0,,,3857700000.0,8900500000.0,,,2384400000.0,,446000000.0,,1172900000.0,211700000.0,,4907800000.0,-47000000.0,,1171200000.0,890800000.0,,,,,5929400000.0,,1172900000.0,,,,1346600000.0,,,,,,,-1919200000.0,,,4108000000.0,3300000.0,,100000.0,,5916000000.0,,5.55,2657500000.0,50500000.0,,2600000.0,,168900000.0,,3794500000.0,-134000000.0,15894700000.0,,,,1252400000.0,,12052600000.0,,,,,,,,,,,,,,,,,,,,,,,,,,,,,,,,,,,
1970-01-01 00:00:01.530316800,,,,-42700000.0,,843300000.0,-2750000000.0,,,2733800000.0,,,,-261600000.0,,,,207100000.0,,,4108000000.0,295700000.0,12260900000.0,,,,1300000.0,1250200000.0,,,2935500000.0,1643800000.0,,,1160800000.0,,,,,-1671700000.0,,,516200000.0,,,3152400000.0,,1401900000.0,,38300000.0,,-300000000.0,,15499500000.0,1178700000.0,3409000000.0,,,,263700000.0,91300000.0,,,-2791500000.0,981000000.0,,,-264800000.0,-110500000.0,,,3356500000.0,4.18,-6300000.0,,1291700000.0,7432100000.0,5080700000.0,,1099300000.0,,,,,,,1457600000.0,,-2840700000.0,,,23952900000.0,,,,,,2432900000.0,1974000000.0,529400000.0,,,2062300000.0,8546800000.0,,,2423900000.0,,421000000.0,,866600000.0,207300000.0,,5170300000.0,-90000000.0,,915000000.0,931700000.0,,,,,5928400000.0,,866600000.0,,,,-1148500000.0,,,,,,,-3318800000.0,,,1250200000.0,,,100000.0,,3224200000.0,,4.18,,51700000.0,,-45200000.0,,171500000.0,,3661300000.0,-53200000.0,16520800000.0,,,,834500000.0,,11699200000.0,,,,,,,,,,,,,,,,,,,,,,,,,,,,,,,,,,,
1970-01-01 00:00:01.538265600,,,,8200000.0,,848300000.0,0.0,,,1192000000.0,,,,-248300000.0,,,,201400000.0,,,1250200000.0,342300000.0,13766600000.0,,,,-1700000.0,2386700000.0,,,2978200000.0,1335000000.0,,,1114600000.0,,,,,-1730600000.0,,,497700000.0,,0.0,3174900000.0,,2208200000.0,,37300000.0,,-300000000.0,,16944100000.0,1812700000.0,3538900000.0,,,,369800000.0,-174700000.0,,,25100000.0,507900000.0,,,-190700000.0,12600000.0,,,3439000000.0,7.15,71300000.0,,1643200000.0,8719000000.0,5269500000.0,,1735900000.0,,,,,,,1511800000.0,,1141900000.0,,,25492200000.0,,,,,,2525700000.0,2041700000.0,381500000.0,,,2254300000.0,8557500000.0,,,2304400000.0,,460800000.0,,1444400000.0,201900000.0,,5440100000.0,192500000.0,,1442900000.0,916600000.0,,,,,5931100000.0,,1444400000.0,,,,-619100000.0,,,,,,,-1318700000.0,,,2386700000.0,,,100000.0,,4428400000.0,,7.17,,49000000.0,,17500000.0,,346500000.0,,3379000000.0,-66800000.0,16773200000.0,,,,1545200000.0,,11732400000.0,,,,,,,,,,,,,,,,,,,,,,,,,,,,,,,,,,,
1970-01-01 00:00:01.546214400,7640900000.0,1573800000.0,200600000.0,-20200000.0,-199500000.0,1214500000.0,-1352600000.0,,,1179000000.0,4430700000.0,2106300000.0,108300000.0,-240400000.0,-1797400000.0,-4352600000.0,5398600000.0,199800000.0,6748100000.0,-3200000.0,2386700000.0,370500000.0,13031600000.0,,2540300000.0,-330600000.0,-800000.0,1224600000.0,444800000.0,-886100000.0,3037800000.0,1512600000.0,,,1636200000.0,,,,,-1797400000.0,,100000.0,591100000.0,1425600000.0,0.0,3295200000.0,-114100000.0,1779300000.0,11636600000.0,38500000.0,17648000000.0,-300000000.0,,16257000000.0,1414500000.0,3601200000.0,929900000.0,2597200000.0,,469600000.0,78400000.0,1214500000.0,31100000.0,-1437000000.0,611600000.0,-1500000000.0,,-225900000.0,153100000.0,12257300000.0,1636200000.0,3526300000.0,4.73,350800000.0,5301600000.0,1525200000.0,7640900000.0,5398600000.0,-52100000.0,1895400000.0,1816300000.0,4474000000.0,5635800000.0,,5936500000.0,,3025600000.0,1958500000.0,-1166900000.0,4430700000.0,204900000.0,25288900000.0,,,5706400000.0,5899600000.0,25288900000.0,1958500000.0,2313400000.0,444800000.0,400200000.0,13031600000.0,5220400000.0,8962100000.0,9173700000.0,1016600000.0,2540300000.0,,488500000.0,2313400000.0,946800000.0,200300000.0,-2046300000.0,5706400000.0,-110700000.0,157500000.0,944900000.0,929900000.0,16257000000.0,13452900000.0,21.63,-8834300000.0,5936500000.0,,946800000.0,-4472000000.0,1224600000.0,,-1625300000.0,205300000.0,,3295200000.0,3120000000.0,6000800000.0,,-2277600000.0,6187700000.0,8962100000.0,1224600000.0,,370500000.0,100000.0,-101200000.0,3538000000.0,3601200000.0,4.74,,49400000.0,3025600000.0,-89000000.0,5220400000.0,329700000.0,3538000000.0,3120000000.0,54500000.0,17648000000.0,400000.0,,1224600000.0,1669500000.0,21.58,12257300000.0,-240400000.0,,,,,,,,,,,,,,,,,,,,,,,,,,,,,,,,,,
1970-01-01 00:00:01.553990400,,,,129000000.0,,965400000.0,-655800000.0,,,1489200000.0,,,,-219800000.0,,,,196600000.0,,,1224600000.0,378000000.0,13829900000.0,,,,1700000.0,2243200000.0,,,2887800000.0,1257700000.0,,,1741700000.0,,,,,-1841000000.0,,,567700000.0,,,3148700000.0,,2029000000.0,,45700000.0,,-300000000.0,,17026700000.0,1860000000.0,3461600000.0,,,,422500000.0,62200000.0,,,-679300000.0,563700000.0,,,-127100000.0,228000000.0,,,3489800000.0,7.15,-146800000.0,,1630100000.0,8942600000.0,5302600000.0,,1459500000.0,,,,,,,1353800000.0,,1019000000.0,,,26445500000.0,,,,,,2616000000.0,1665800000.0,97200000.0,,,3271000000.0,9474800000.0,,,2274200000.0,,602000000.0,,1408800000.0,197000000.0,,5639700000.0,246600000.0,,1408800000.0,770200000.0,,,,,5943200000.0,,1408800000.0,,,,238800000.0,,,,,,,-825000000.0,,,2243200000.0,,,100000.0,,3909000000.0,,7.17,,47900000.0,,8700000.0,,121100000.0,,3056200000.0,-136600000.0,17502900000.0,,,,1332400000.0,,12623500000.0,,,,,,,,,,,,,,,,,,,,,,,,,,,,,,,,,,,
1970-01-01 00:00:01.561852800,,,,-20300000.0,,1537900000.0,-2401500000.0,,,2076300000.0,,,,-252900000.0,,,,190300000.0,,,2243200000.0,377100000.0,12948800000.0,,,,-5700000.0,1723400000.0,,,3140400000.0,1206000000.0,,,2400600000.0,,,,,-1886200000.0,,,587600000.0,,,3210900000.0,,2004500000.0,,52300000.0,,-744400000.0,,16182800000.0,1758500000.0,3511900000.0,,,,248100000.0,20400000.0,,,-2375700000.0,484800000.0,,,-186900000.0,-156400000.0,,,3616700000.0,7.85,263100000.0,,1934400000.0,7909800000.0,3511900000.0,,1964000000.0,,,,,,,3756400000.0,,-522500000.0,,,26287600000.0,,,,,,1959600000.0,1228800000.0,3210900000.0,,,5435400000.0,10127900000.0,,,2118600000.0,,476300000.0,,1494100000.0,190400000.0,,5749200000.0,-175900000.0,,1494100000.0,776700000.0,,,,,5948500000.0,,1494100000.0,,,,-110800000.0,,,,,,,-1250100000.0,,,1723400000.0,,,100000.0,,2952200000.0,,7.85,,47700000.0,,17200000.0,,117000000.0,,3681300000.0,133700000.0,18377800000.0,,,,1777100000.0,,13338800000.0,,,,,,,,,,,,,,,,,,,,,,,,,,,,,,,,,,,
1970-01-01 00:00:01.569801600,,,,-61400000.0,,743200000.0,-717900000.0,,,778100000.0,,,,-92300000.0,,,,184000000.0,,,1723400000.0,382200000.0,13995900000.0,,,,-600000.0,2343900000.0,,,3170100000.0,1439000000.0,,,2820400000.0,,,,,-1555300000.0,,,554500000.0,,,4432200000.0,,2154300000.0,,45900000.0,,0.0,,17065200000.0,1779000000.0,3560100000.0,,,,211300000.0,-61500000.0,,,-689000000.0,540400000.0,,,-90100000.0,-43200000.0,,,3600100000.0,8.39,-176900000.0,,1731100000.0,8448200000.0,5115400000.0,,1694900000.0,,,,,,,1370900000.0,,640000000.0,,,27484000000.0,,,,,,2515800000.0,2093500000.0,,,,3052700000.0,9060000000.0,,,2169600000.0,,430000000.0,,1545900000.0,184200000.0,,5746100000.0,63200000.0,,1545900000.0,751800000.0,,,,,4458200000.0,,1545900000.0,,,,-365900000.0,,,,,,,-1977000000.0,,,2343900000.0,1495300000.0,,100000.0,,4437400000.0,,8.4,,45800000.0,,22200000.0,,329500000.0,,3392400000.0,500000.0,19035800000.0,,,,1604800000.0,,13492200000.0,,,,,,,,,,,,,,,,,,,,,,,,,,,,,,,,,,,
1970-01-01 00:00:01.577750400,8381800000.0,,,,,1221200000.0,,,,,,,,,,,3674300000.0,177800000.0,,,,,13339100000.0,,,,,,3368000000.0,,3224200000.0,1484100000.0,,,,,,,,,1495800000.0,,664900000.0,,,4863800000.0,,1807800000.0,,,18852500000.0,,,,1728400000.0,3674300000.0,804200000.0,,,276100000.0,,1221200000.0,,,691700000.0,,,,,13895200000.0,,3671300000.0,8.08,,,1740100000.0,8381800000.0,3674300000.0,,,,,,,4459000000.0,,4159700000.0,1880500000.0,,,,27234300000.0,,,5757800000.0,,27234300000.0,1880500000.0,,3368000000.0,,13339100000.0,5893000000.0,9031400000.0,,,,,447100000.0,,1439700000.0,178200000.0,,5757800000.0,-11700000.0,,1439700000.0,804200000.0,,,,,4459000000.0,,1439700000.0,,,,,,,4863800000.0,3527400000.0,,,,,9031400000.0,,1495800000.0,,,,4475900000.0,3674300000.0,8.1,,,4159700000.0,,5893000000.0,,4475900000.0,3527400000.0,,18852500000.0,,,,,,13895200000.0,,,,,,,,,,,,,,,,,,,,,,,,,,,,,,,,,,,
