,trailingInterestExpense,quarterlyOtherCurrentAssets,trailingBeginningCashPosition,annualInterestExpense,annualChangesInAccountReceivables,quarterlyChangeInInventory,annualCurrentAssets,annualBeginningCashPosition,trailingChangeInCashSupplementalAsReported,annualGrossPPE,quarterlyRepurchaseOfCapitalStock,quarterlyChangesInAccountReceivables,annualNetIncomeCommonStockholders,annualDeferredIncomeTax,quarterlyBasicEPS,quarterlySaleOfInvestment,quarterlyGrossProfit,quarterlyBasicAverageShares,quarterlyAccountsPayable,annualSellingGeneralAndAdministration,quarterlyChangeInAccountPayable,annualRepaymentOfDebt,quarterlyOperatingExpense,annualOtherIncomeExpense,quarterlyGainsLossesNotAffectingRetainedEarnings,quarterlyCapitalStock,quarterlyBeginningCashPosition,trailingGrossProfit,annualCapitalExpenditure,trailingNetIncomeCommonStockholders,annualChangeInCashSupplementalAsReported,annualCurrentAccruedExpenses,quarterlyStockholdersEquity,annualOtherCurrentLiabilities,quarterlyNetOtherInvestingChanges,annualTaxProvision,quarterlyTaxProvision,annualInventory,quarterlyRepaymentOfDebt,annualCurrentDebt,quarterlyAccumulatedDepreciation,annualStockBasedCompensation,trailingCostOfRevenue,quarterlyNetPPE,annualCapitalStock,annualCostOfRevenue,quarterlyCommonStockIssuance,annualOtherCurrentAssets,annualOtherNonCashItems,quarterlyStockBasedCompensation,annualTotalNonCurrentAssets,quarterlyOtherNonCashItems,quarterlyEbitda,annualGrossProfit,annualNetOtherFinancingCharges,trailingTaxProvision,annualNonCurrentDeferredTaxesLiabilities,quarterlyDeferredIncomeTax,annualTotalLiabilitiesNetMinorityInterest,annualAccumulatedDepreciation,annualFreeCashFlow,quarterlyChangeInWorkingCapital,quarterlyPurchaseOfBusiness,annualOperatingExpense,quarterlyPretaxIncome,annualChangeInWorkingCapital,quarterlyRetainedEarnings,trailingOperatingExpense,annualPurchaseOfBusiness,trailingNetIncomeContinuousOperations,quarterlyOperatingCashFlow,quarterlyCapitalExpenditure,annualNetIncomeContinuousOperations,quarterlyCashFlowFromContinuingFinancingActivities,quarterlyDilutedAverageShares,quarterlyGrossPPE,trailingFreeCashFlow,annualBasicEPS,annualChangeInInventory,quarterlyCurrentAssets,quarterlyCurrentLiabilities,quarterlyIncomeTaxPayable,quarterlyTotalRevenue,quarterlyOperatingIncome,annualTotalAssets,annualNetIncome,trailingNetIncome,annualGoodwill,quarterlyTotalAssets,quarterlyTotalNonCurrentAssets,annualLongTermDebt,annualCashDividendsPaid,quarterlyLongTermDebt,quarterlyOtherCurrentLiabilities,annualDilutedAverageShares,annualAccountsReceivable,quarterlyChangeInCashSupplementalAsReported,quarterlyOtherShortTermInvestments,quarterlyOtherNonCurrentLiabilities,trailingInvestingCashFlow,quarterlyAccountsReceivable,annualPretaxIncome,quarterlyCostOfRevenue,quarterlyCurrentAccruedExpenses,annualSaleOfInvestment,quarterlyDilutedEPS,quarterlyTotalNonCurrentLiabilitiesNetMinorityInterest,annualCommonStockIssuance,annualStockholdersEquity,annualOperatingIncome,quarterlyInvestmentsAndAdvances,annualTotalRevenue,annualPurchaseOfInvestment,annualDilutedEPS,quarterlyNetIncome,annualInvestingCashFlow,quarterlySellingGeneralAndAdministration,annualRetainedEarnings,quarterlyNetIncomeContinuousOperations,annualDepreciationAndAmortization,quarterlyGoodwill,annualCashFlowFromContinuingFinancingActivities,quarterlyEndCashPosition,quarterlyInvestingCashFlow,annualEndCashPosition,quarterlyNetIncomeCommonStockholders,annualBasicAverageShares,quarterlyNonCurrentDeferredTaxesLiabilities,trailingTotalRevenue,trailingOperatingCashFlow,quarterlyInventory,quarterlyOtherIncomeExpense,annualOperatingCashFlow,annualTotalNonCurrentLiabilitiesNetMinorityInterest,quarterlyCashAndCashEquivalents,quarterlyCurrentDebt,annualChangeInAccountPayable,trailingOtherIncomeExpense,quarterlyInterestExpense,quarterlyCashCashEquivalentsAndMarketableSecurities,annualAccountsPayable,trailingOperatingIncome,annualCurrentLiabilities,quarterlyPurchaseOfInvestment,quarterlyCashDividendsPaid,annualOtherShortTermInvestments,trailingEndCashPosition,annualOtherIntangibleAssets,quarterlyDepreciationAndAmortization,annualInvestmentsAndAdvances,annualIncomeTaxPayable,quarterlyTotalLiabilitiesNetMinorityInterest,quarterlyOtherNonCurrentAssets,quarterlyOtherIntangibleAssets,annualOtherNonCurrentAssets,annualNetPPE,annualEbitda,annualGainsLossesNotAffectingRetainedEarnings,quarterlyNetOtherFinancingCharges,annualOtherNonCurrentLiabilities,quarterlyFreeCashFlow,annualRepurchaseOfCapitalStock,annualCashAndCashEquivalents,annualNetOtherInvestingChanges,annualCashCashEquivalentsAndMarketableSecurities,trailingPretaxIncome,trailingChangeInAccountPayable,trailingOtherNonCashItems,quarterlyCurrentDeferredRevenue,trailingCashDividendsPaid,trailingChangeInWorkingCapital,trailingBasicAverageShares,quarterlyResearchAndDevelopment,annualNonCurrentDeferredRevenue,trailingPurchaseOfBusiness,trailingNetOtherFinancingCharges,trailingDeferredIncomeTax,trailingResearchAndDevelopment,trailingSellingGeneralAndAdministration,trailingSaleOfInvestment,trailingCashFlowFromContinuingFinancingActivities,trailingDilutedEPS,trailingNetOtherInvestingChanges,trailingRepaymentOfDebt,trailingChangesInAccountReceivables,trailingPurchaseOfInvestment,annualResearchAndDevelopment,trailingDilutedAverageShares,trailingCommonStockIssuance,annualCurrentDeferredRevenue,quarterlyNonCurrentDeferredRevenue,trailingCapitalExpenditure,trailingStockBasedCompensation,trailingRepurchaseOfCapitalStock,trailingDepreciationAndAmortization,trailingChangeInInventory,trailingBasicEPS
0,,,,,,,,,,,,,,,,,,,,,,,,,,,,,,,,,,,,,,,,,,,,,,,,,,,,,,,,,,,,,,,,,,,,,,,,,,,,,,,,,,,,,,,,,,,,,,,,,,,,,,,,,,,,,,,,,,,,,,,,,,,,,,,,,,,,,,,,,,,,,,,,,,,,,,,,,,,,,,,,,,,,,,,,,,,,,,,,,,,,,,,,,,,,,,,,,,,,,
915062400,,,,227000000.0,-308000000.0,,5425000000.0,460000000.0,,19554000000.0,,,1741000000.0,23000000.0,,,,,,14346000000.0,,-310000000.0,,39000000.0,,,,,-1645000000.0,,780000000.0,,,1985000000.0,,1161000000.0,,380000000.0,,410000000.0,,,,,56000000.0,6240000000.0,,703000000.0,2224000000.0,,11642000000.0,,,18548000000.0,45000000.0,,3017000000.0,,9894000000.0,-8170000000.0,1223000000.0,,,15458000000.0,,-66000000.0,,,,,,,1741000000.0,,,,,1.59,37000000.0,,,,,,17067000000.0,1741000000.0,,,,,2191000000.0,-466000000.0,,,1108917197.0,,,,,,,2902000000.0,,,,,,785000000.0,7173000000.0,3090000000.0,,24788000000.0,-390000000.0,1.57,,-1655000000.0,,7280000000.0,,1112000000.0,,-433000000.0,,,1240000000.0,,1094968553.0,,,,,,2868000000.0,6177000000.0,,,115000000.0,,,,1322000000.0,,3717000000.0,,,389000000.0,,,,,,,,,258000000.0,11384000000.0,4202000000.0,-62000000.0,,969000000.0,,-774000000.0,1240000000.0,164000000.0,1629000000.0,,,,,,,,,,,,,,,,,,,,,,,,,,,,,,,,
922838400,,,,,,,,,,,,,,,0.46,,,1084782609.0,,,,,,,,,,,,,,,,,,,,,,,,,,,,,,,,,,,6331000000.0,,,,,,,,,,,,,,,,,,,,,,1084782609.0,,,,,,,,6331000000.0,6331000000.0,,,,,,,,,,,,,,,,,,,,,,0.46,,,,,,,,,499000000.0,,,,499000000.0,,,,,,,499000000.0,,,,,,,,,,,,,,,,,,,,,,,,,,,,,,,,,,,,,,,,,,,,,,,,,,,,,,,,,,,,,,,,,,,,,,,
930700800,,,,,,,,,,,,,,,0.52,,,1130769231.0,,,,,,,,,,,,,,,,,,,,,,,,,,,,,,,,,,,6560000000.0,,,,,,,,,,,,,,,,,,,,,,1130769231.0,,,,,,,,6560000000.0,6560000000.0,,,,,,,,,,,,,,,,,,,,,,0.52,,,,,,,,,588000000.0,,,,588000000.0,,,,,,,588000000.0,,,,,,,,,,,,,,,,,,,,,,,,,,,,,,,,,,,,,,,,,,,,,,,,,,,,,,,,,,,,,,,,,,,,,,,
938649600,,,,,,,,,,,,,,,0.53,,,1088679245.0,,,,,,,,,,,,,,,,,,,,,,,,,,,,,,,,,,,6715000000.0,,,,,,,,,,,,,,,,,,,,,,1088679245.0,,,,,,,,6715000000.0,6715000000.0,,,,,,,,,,,,,,,,,,,,,,0.53,,,,,,,,,577000000.0,,,,577000000.0,,,,,,,577000000.0,,,,,,,,,,,,,,,,,,,,,,,,,,,,,,,,,,,,,,,,,,,,,,,,,,,,,,,,,,,,,,,,,,,,,,,
946598400,,1327000000.0,,228000000.0,-454000000.0,,11138000000.0,1240000000.0,,20470000000.0,,,883000000.0,575000000.0,,,,,1295000000.0,15285000000.0,,-679000000.0,,-3458000000.0,-170000000.0,12000000.0,,,-1476000000.0,,2964000000.0,998000000.0,12474000000.0,1032000000.0,,1205000000.0,,366000000.0,,512000000.0,-8891000000.0,,,11579000000.0,12000000.0,6640000000.0,,1327000000.0,,,11905000000.0,,-20472000000.0,20412000000.0,-21000000.0,,3469000000.0,,10569000000.0,-8891000000.0,747000000.0,,,21278000000.0,,-838000000.0,7536000000.0,,,,,,883000000.0,,,20470000000.0,,0.79,-18000000.0,11138000000.0,4198000000.0,,7446000000.0,-20472000000.0,23043000000.0,883000000.0,,,23043000000.0,11905000000.0,1912000000.0,-672000000.0,1912000000.0,1032000000.0,1146753247.0,3167000000.0,,2074000000.0,3469000000.0,,3167000000.0,2088000000.0,,998000000.0,2290000000.0,,6371000000.0,6007000000.0,12474000000.0,-866000000.0,,27052000000.0,-3981000000.0,0.77,661000000.0,-3125000000.0,,7536000000.0,661000000.0,1139000000.0,,3905000000.0,,,4204000000.0,661000000.0,1117721519.0,3469000000.0,,,366000000.0,,2223000000.0,6371000000.0,4204000000.0,512000000.0,-27000000.0,,,6278000000.0,1295000000.0,,4198000000.0,,,2074000000.0,,,,,,10569000000.0,326000000.0,,326000000.0,11579000000.0,273000000.0,-170000000.0,,3469000000.0,,-1232000000.0,4204000000.0,-1647000000.0,6278000000.0,,,,,,,,,,,,,,,,,,,,,,,,,,,,,,,,
954460800,,0.0,,,,-94000000.0,,,,,-4124000000.0,-139000000.0,,,0.68,1385000000.0,5441000000.0,1195588235.0,1568000000.0,,273000000.0,,6137000000.0,,-182000000.0,11000000.0,4204000000.0,,,,,,8984000000.0,,-372000000.0,,541000000.0,,-196000000.0,,-9016000000.0,,,11462000000.0,,,24000000.0,,,,,,-413000000.0,,,,,79000000.0,,,,300000000.0,,,1354000000.0,,8143000000.0,,,,1360000000.0,-315000000.0,,-3532000000.0,1213432836.0,20478000000.0,,,,9080000000.0,5460000000.0,430000000.0,7220000000.0,-696000000.0,,,,,20918000000.0,11838000000.0,,,1952000000.0,881000000.0,,,-1733000000.0,1707000000.0,1021000000.0,,3306000000.0,,1779000000.0,1337000000.0,,0.67,6474000000.0,,,,,,,,813000000.0,,4075000000.0,,813000000.0,,,,2471000000.0,440000000.0,,813000000.0,,3501000000.0,,,460000000.0,323000000.0,,,2471000000.0,1244000000.0,,,52000000.0,4178000000.0,,,,-766000000.0,-206000000.0,,,,283000000.0,,,11934000000.0,376000000.0,,,,,,774000000.0,,1045000000.0,,,,,,,,,,,,,,,,,,,,,,,,,,,,,,,,,,,,
962323200,,0.0,,,,54000000.0,,,,,-281000000.0,90000000.0,,,0.61,782000000.0,5493000000.0,1139344262.0,1267000000.0,,-301000000.0,,6120000000.0,,-205000000.0,11000000.0,2471000000.0,,,,,,9261000000.0,,-309000000.0,,464000000.0,,-151000000.0,,-9245000000.0,,,11450000000.0,,,53000000.0,,,,,,-340000000.0,,,,,-19000000.0,,,,180000000.0,,,1159000000.0,,8644000000.0,,,,1318000000.0,-348000000.0,,-542000000.0,1158333333.0,20695000000.0,,,,9256000000.0,5543000000.0,367000000.0,7284000000.0,-627000000.0,,,,,21085000000.0,11829000000.0,,,1748000000.0,874000000.0,,,-90000000.0,2277000000.0,1052000000.0,,3216000000.0,,1791000000.0,1586000000.0,,0.6,6281000000.0,,,,,,,,695000000.0,,4042000000.0,,695000000.0,,,,2381000000.0,-850000000.0,,695000000.0,,3481000000.0,,,406000000.0,60000000.0,,,2381000000.0,1449000000.0,,,65000000.0,4658000000.0,,,,-1332000000.0,-194000000.0,,,,287000000.0,,,11824000000.0,379000000.0,,,,,,-120000000.0,,970000000.0,,,,,,,,,,,,,,,,,,,,,,,,,,,,,,,,,,,,
970272000,,0.0,,,,-100000000.0,,,,,-478000000.0,-167000000.0,,,0.62,1639000000.0,5527000000.0,1132258065.0,1433000000.0,,166000000.0,,6206000000.0,,-242000000.0,11000000.0,2381000000.0,,,,,,9266000000.0,,-779000000.0,,469000000.0,,-446000000.0,,-9442000000.0,,,11721000000.0,,,-7000000.0,,,,,,-385000000.0,,,,,-69000000.0,,,,-719000000.0,,,1171000000.0,,9152000000.0,,,,359000000.0,-584000000.0,,-601000000.0,1170000000.0,21163000000.0,,,,9107000000.0,5619000000.0,396000000.0,7367000000.0,-679000000.0,,,,,21412000000.0,12305000000.0,,,2052000000.0,832000000.0,,,-711000000.0,1922000000.0,1049000000.0,,3383000000.0,,1840000000.0,1740000000.0,,0.6,6527000000.0,,,,,,,,702000000.0,,4072000000.0,,702000000.0,,,,1670000000.0,-463000000.0,,702000000.0,,3426000000.0,,,506000000.0,51000000.0,,,1670000000.0,1218000000.0,,,41000000.0,3592000000.0,,,,-1325000000.0,-194000000.0,,,,294000000.0,,,12146000000.0,584000000.0,,,,,,4000000.0,,-225000000.0,,,,,,,,,,,,,,,,,,,,,,,,,,,,,,,,,,,,
978220800,,1697000000.0,,205000000.0,-913000000.0,,7124000000.0,4204000000.0,,21994000000.0,-582000000.0,-697000000.0,2934000000.0,-81000000.0,,5539000000.0,5770000000.0,,1674000000.0,16546000000.0,179000000.0,-1168000000.0,6796000000.0,527000000.0,-227000000.0,11000000.0,1670000000.0,,-2147000000.0,,-3325000000.0,1134000000.0,9735000000.0,878000000.0,-639000000.0,1900000000.0,426000000.0,,-375000000.0,623000000.0,-9665000000.0,,,12329000000.0,11000000.0,7540000000.0,18000000.0,1697000000.0,,,14538000000.0,,-717000000.0,22231000000.0,-127000000.0,,3396000000.0,-72000000.0,11927000000.0,-9665000000.0,595000000.0,-1378000000.0,,25259000000.0,1150000000.0,-1617000000.0,9684000000.0,,-245000000.0,,-295000000.0,-900000000.0,2934000000.0,-486000000.0,,21994000000.0,,2.54,,7124000000.0,4501000000.0,,7900000000.0,-1026000000.0,21662000000.0,2934000000.0,,,21662000000.0,14538000000.0,2981000000.0,-786000000.0,2981000000.0,878000000.0,1173600000.0,4140000000.0,-791000000.0,0.0,3396000000.0,,4140000000.0,4834000000.0,2130000000.0,1134000000.0,9345000000.0,,7426000000.0,88000000.0,9735000000.0,-3028000000.0,,29771000000.0,-8127000000.0,2.5,724000000.0,-875000000.0,4357000000.0,9684000000.0,724000000.0,1173000000.0,,-5161000000.0,879000000.0,-2000000.0,879000000.0,724000000.0,1155118110.0,3396000000.0,,,,93000000.0,2742000000.0,7426000000.0,879000000.0,623000000.0,317000000.0,,47000000.0,879000000.0,1674000000.0,,4501000000.0,-4704000000.0,-192000000.0,0.0,,,309000000.0,,,11927000000.0,2209000000.0,,2209000000.0,12329000000.0,-1855000000.0,-227000000.0,-9000000.0,3396000000.0,-1195000000.0,-5465000000.0,879000000.0,-2099000000.0,879000000.0,,,,,,,,,,,,,,,,,,,,,,,,,,,,,,,,
985996800,,730000000.0,,,,,,,,,-622000000.0,426000000.0,,,0.49,1048000000.0,5513000000.0,1134693878.0,1559000000.0,,-117000000.0,,6566000000.0,,-322000000.0,11000000.0,879000000.0,,,,,,9394000000.0,,-494000000.0,,371000000.0,,-716000000.0,,-9911000000.0,,,12464000000.0,,,18000000.0,,,,,,-735000000.0,,,,,38000000.0,,,,618000000.0,-72000000.0,,953000000.0,,9705000000.0,,,,1706000000.0,-515000000.0,,-365000000.0,1158333333.0,22375000000.0,,,,7272000000.0,4305000000.0,329000000.0,7510000000.0,-1053000000.0,,,,,22003000000.0,14731000000.0,,,3803000000.0,770000000.0,,,439000000.0,1307000000.0,1082000000.0,,3716000000.0,,1997000000.0,1398000000.0,,0.48,8304000000.0,,,,,,,,556000000.0,,4251000000.0,,582000000.0,,,,1318000000.0,-819000000.0,,556000000.0,,3419000000.0,,,,53000000.0,,,1318000000.0,249000000.0,,,44000000.0,2625000000.0,,,,-1312000000.0,-215000000.0,,,,318000000.0,,,12609000000.0,2267000000.0,,,,,,454000000.0,,1191000000.0,,,,,,,,,,,,,,,,,,,,,,,,,,,,,,,,,,,,
993859200,,-925000000.0,,,,,,,,,-413000000.0,145000000.0,,,0.56,925000000.0,5648000000.0,1125000000.0,1829000000.0,,-249000000.0,,6525000000.0,,-303000000.0,11000000.0,1318000000.0,,,,,,9928000000.0,,-805000000.0,,403000000.0,,277000000.0,,-10168000000.0,,,13062000000.0,,,158000000.0,,,,,,-539000000.0,,,,,73000000.0,,,,375000000.0,-267000000.0,,1033000000.0,,10120000000.0,,,,1589000000.0,-726000000.0,,-67000000.0,1145454545.0,23230000000.0,,,,7759000000.0,5145000000.0,497000000.0,7566000000.0,-877000000.0,,,,,23792000000.0,16033000000.0,,,4138000000.0,798000000.0,,,744000000.0,1081000000.0,1116000000.0,,3932000000.0,,1918000000.0,1629000000.0,,0.55,8719000000.0,,,,,,,,630000000.0,,4269000000.0,,630000000.0,,,,2062000000.0,-808000000.0,,630000000.0,,3465000000.0,,,,39000000.0,,,2062000000.0,392000000.0,,,47000000.0,3143000000.0,,,,-696000000.0,-215000000.0,,,,338000000.0,,,13864000000.0,2971000000.0,,,,,,403000000.0,,863000000.0,,,,,,,,,,,,,,,,,,,,,,,,,,,,,,,,,,,,
1001808000,,-1194000000.0,,,,,,,,,-681000000.0,-464000000.0,,,0.5,693000000.0,5610000000.0,1136000000.0,1970000000.0,,117000000.0,,6538000000.0,,-288000000.0,11000000.0,2062000000.0,,,,,,9705000000.0,,-705000000.0,,364000000.0,,-415000000.0,,-10449000000.0,,,13401000000.0,,,32000000.0,,,,,,-567000000.0,,,,,67000000.0,,,,-303000000.0,-94000000.0,,932000000.0,,9982000000.0,,,,814000000.0,-690000000.0,,-798000000.0,1136000000.0,23850000000.0,,,,7684000000.0,6044000000.0,698000000.0,7481000000.0,-928000000.0,,,,,24619000000.0,16935000000.0,,,4233000000.0,901000000.0,,,-759000000.0,1191000000.0,1133000000.0,,4549000000.0,,1871000000.0,1793000000.0,,0.5,8870000000.0,,,,,,,,568000000.0,,4306000000.0,,568000000.0,,,,1303000000.0,-839000000.0,,568000000.0,,3504000000.0,,,,34000000.0,,,1303000000.0,682000000.0,,,45000000.0,2494000000.0,,,,-767000000.0,-214000000.0,,,,361000000.0,,,14914000000.0,3534000000.0,,,,,,0.0,,124000000.0,,,,,,,,,,,,,,,,,,,,,,,,,,,,,,,,,,,,
1009756800,,749000000.0,,184000000.0,-215000000.0,,7597000000.0,879000000.0,,24058000000.0,-303000000.0,-322000000.0,2399000000.0,638000000.0,,1024000000.0,5984000000.0,,1742000000.0,17397000000.0,-221000000.0,-1089000000.0,7055000000.0,159000000.0,-339000000.0,11000000.0,1303000000.0,,-2372000000.0,,-21000000.0,1169000000.0,10248000000.0,988000000.0,-407000000.0,1512000000.0,374000000.0,,-235000000.0,518000000.0,-10620000000.0,,,13438000000.0,11000000.0,7891000000.0,20000000.0,749000000.0,,,17039000000.0,,-692000000.0,22755000000.0,-69000000.0,,3981000000.0,460000000.0,14388000000.0,-10620000000.0,1528000000.0,-1799000000.0,-33000000.0,26684000000.0,1019000000.0,-1109000000.0,10162000000.0,,-466000000.0,,-209000000.0,-441000000.0,2425000000.0,-263000000.0,,24058000000.0,,2.13,,7597000000.0,4629000000.0,,8089000000.0,-1071000000.0,24636000000.0,2399000000.0,,,24636000000.0,17039000000.0,4648000000.0,-856000000.0,4648000000.0,988000000.0,1142380952.0,4078000000.0,-445000000.0,758000000.0,3981000000.0,,4078000000.0,3937000000.0,2105000000.0,1169000000.0,3690000000.0,,9759000000.0,228000000.0,10248000000.0,-3929000000.0,,30646000000.0,-3361000000.0,2.1,645000000.0,-2383000000.0,4571000000.0,10162000000.0,645000000.0,1396000000.0,,-1493000000.0,858000000.0,83000000.0,858000000.0,645000000.0,1126291080.0,3981000000.0,,,,33000000.0,3900000000.0,9759000000.0,858000000.0,518000000.0,-470000000.0,,48000000.0,1616000000.0,1742000000.0,,4629000000.0,-586000000.0,-212000000.0,758000000.0,,,379000000.0,,,14388000000.0,3601000000.0,,3601000000.0,13438000000.0,-2533000000.0,-339000000.0,0.0,3981000000.0,-650000000.0,-2019000000.0,858000000.0,-2411000000.0,1616000000.0,,,,,,,,,,,,,,,,,,,,,,,,,,,,,,,,
1017532800,,614000000.0,,,,,,,,,-363000000.0,151000000.0,,,0.5,357000000.0,5747000000.0,1126000000.0,1756000000.0,,-143000000.0,,6632000000.0,,-335000000.0,11000000.0,858000000.0,,,,,,10288000000.0,,-614000000.0,,353000000.0,,-312000000.0,,-10885000000.0,,,13654000000.0,,,27000000.0,,,,,,-534000000.0,,,,,-24000000.0,,,,615000000.0,0.0,,916000000.0,,10512000000.0,,,,1687000000.0,-624000000.0,,-725000000.0,1126000000.0,24539000000.0,,,,7438000000.0,4726000000.0,300000000.0,7579000000.0,-885000000.0,,,,,24729000000.0,17291000000.0,,,4717000000.0,920000000.0,,,284000000.0,885000000.0,1172000000.0,,3896000000.0,,1832000000.0,1474000000.0,,0.5,9715000000.0,,,,,,,,563000000.0,,4449000000.0,,563000000.0,,,,1142000000.0,-669000000.0,,563000000.0,,3826000000.0,,,,12000000.0,,,1142000000.0,276000000.0,,,43000000.0,2027000000.0,,,,-484000000.0,-213000000.0,,,,351000000.0,,,14441000000.0,3637000000.0,,,,,,-176000000.0,,1063000000.0,,,,,,,,,,,,,,,,,,,,,,,,,,,,,,,,,,,,
1025395200,,-908000000.0,,,,,,,,,-153000000.0,,,,0.55,684000000.0,5825000000.0,1110909091.0,1982000000.0,,226000000.0,,6654000000.0,,-261000000.0,11000000.0,1142000000.0,,,,,,10678000000.0,,-344000000.0,,381000000.0,,-251000000.0,,-11277000000.0,,,13699000000.0,,,46000000.0,,,,,,-467000000.0,,,,,93000000.0,,,,110000000.0,-14000000.0,,992000000.0,,10911000000.0,,,,1335000000.0,-330000000.0,,-563000000.0,1131481481.0,24976000000.0,,,,7938000000.0,4862000000.0,139000000.0,7682000000.0,-829000000.0,,,,,25442000000.0,17504000000.0,,,4729000000.0,946000000.0,,,262000000.0,1025000000.0,1214000000.0,,3722000000.0,,1857000000.0,1672000000.0,,0.54,9902000000.0,,,,,,,,611000000.0,,4435000000.0,,611000000.0,,,,1404000000.0,-564000000.0,,611000000.0,,3959000000.0,,,,12000000.0,,,1404000000.0,123000000.0,,,48000000.0,2429000000.0,,,,-845000000.0,-212000000.0,,,,362000000.0,,,14764000000.0,3805000000.0,,,,,,-244000000.0,,1005000000.0,,,,,,,,,,,,,,,,,,,,,,,,,,,,,,,,,,,,
1033344000,,-1027000000.0,,,,,,,,,-56000000.0,,,,0.52,531000000.0,5843000000.0,1111538462.0,1997000000.0,,15000000.0,,6804000000.0,,-333000000.0,11000000.0,1404000000.0,,,,,,10957000000.0,,-306000000.0,,362000000.0,,-191000000.0,,-11519000000.0,,,13612000000.0,,,23000000.0,,,,,,-588000000.0,,,,,11000000.0,,,,-216000000.0,0.0,,940000000.0,,11276000000.0,,,,870000000.0,-292000000.0,,-315000000.0,1133333333.0,25131000000.0,,,,8316000000.0,6163000000.0,,7754000000.0,-961000000.0,,,,,25950000000.0,17634000000.0,,,3558000000.0,1058000000.0,,,48000000.0,1199000000.0,1234000000.0,,3745000000.0,,1911000000.0,1816000000.0,,0.51,8830000000.0,,,,,,,,578000000.0,,4520000000.0,,578000000.0,,,,1452000000.0,-471000000.0,,578000000.0,,4038000000.0,,,,20000000.0,,,1452000000.0,1292000000.0,,,30000000.0,2651000000.0,,,,-717000000.0,-213000000.0,,,,373000000.0,,,14993000000.0,4022000000.0,,,,,,0.0,,578000000.0,,,,,,,,,,,,,,,,,,,,,,,,,,,,,,,,,,,,
1041292800,,-832000000.0,,173000000.0,312000000.0,,8738000000.0,858000000.0,,25361000000.0,-32000000.0,565000000.0,3182000000.0,162000000.0,,655000000.0,6089000000.0,,1908000000.0,17944000000.0,-154000000.0,-1099000000.0,8109000000.0,2109000000.0,-438000000.0,11000000.0,1452000000.0,,-1658000000.0,,1353000000.0,1084000000.0,12455000000.0,1244000000.0,-887000000.0,1755000000.0,659000000.0,,-345000000.0,1107000000.0,-11749000000.0,,,13612000000.0,11000000.0,7768000000.0,29000000.0,-832000000.0,,,17619000000.0,,-1642000000.0,23504000000.0,-82000000.0,,3601000000.0,82000000.0,13902000000.0,-11749000000.0,3969000000.0,482000000.0,0.0,28199000000.0,2161000000.0,991000000.0,12495000000.0,,-14000000.0,,1735000000.0,-412000000.0,3254000000.0,-487000000.0,,25361000000.0,,2.84,,8738000000.0,5555000000.0,,8257000000.0,-2020000000.0,26357000000.0,3182000000.0,,,26357000000.0,17619000000.0,3495000000.0,-849000000.0,3495000000.0,1244000000.0,1132384342.0,3756000000.0,759000000.0,803000000.0,3601000000.0,,3756000000.0,5009000000.0,2168000000.0,1084000000.0,2227000000.0,,8347000000.0,125000000.0,12455000000.0,-4695000000.0,,31272000000.0,-2303000000.0,2.81,1430000000.0,-2133000000.0,4540000000.0,12495000000.0,1502000000.0,1464000000.0,,-2090000000.0,2211000000.0,-429000000.0,2211000000.0,1430000000.0,1120422535.0,3601000000.0,,,,2065000000.0,5627000000.0,8347000000.0,2211000000.0,1107000000.0,-56000000.0,,52000000.0,3014000000.0,1908000000.0,,5555000000.0,-257000000.0,-211000000.0,803000000.0,,,378000000.0,,,13902000000.0,4007000000.0,,4007000000.0,13612000000.0,-3231000000.0,-438000000.0,0.0,3601000000.0,1323000000.0,-604000000.0,2211000000.0,-2151000000.0,3014000000.0,,,,,,,,,,,,,,,,,,,,,,,,,,,,,,,,
1049068800,,-952000000.0,,,,,,,,,-154000000.0,97000000.0,,,0.54,1038000000.0,6040000000.0,1131481481.0,1944000000.0,,1000000.0,,7070000000.0,,-356000000.0,11000000.0,2211000000.0,,,,,,12813000000.0,,-634000000.0,,271000000.0,,-662000000.0,,-12020000000.0,,,13808000000.0,,,26000000.0,,,,,,-643000000.0,,,,,-148000000.0,,,,385000000.0,,,882000000.0,,12869000000.0,,,,1473000000.0,-600000000.0,,-879000000.0,1131481481.0,25828000000.0,,,,8954000000.0,5560000000.0,381000000.0,8015000000.0,-1030000000.0,,,,,26750000000.0,17796000000.0,,,3467000000.0,1297000000.0,,,-76000000.0,880000000.0,1304000000.0,,3659000000.0,,1975000000.0,1340000000.0,,0.54,8377000000.0,,,,,,,,611000000.0,,4708000000.0,,611000000.0,,,,2135000000.0,-679000000.0,,611000000.0,,3606000000.0,,,,-38000000.0,,,2135000000.0,598000000.0,,,25000000.0,3015000000.0,,,,-1123000000.0,-237000000.0,,,,387000000.0,,,13937000000.0,3988000000.0,,,,,,1000000.0,,873000000.0,,,,,,,,,,,,,,,,,,,,,,,,,,,,,,,,,,,,
1056931200,,-811000000.0,,,,,,,,,-44000000.0,-16000000.0,,,0.61,1812000000.0,6225000000.0,1134426230.0,1943000000.0,,20000000.0,,7146000000.0,,-353000000.0,11000000.0,2135000000.0,,,,,,13314000000.0,,-515000000.0,,360000000.0,,-124000000.0,,-12359000000.0,,,13869000000.0,,,56000000.0,,,,,,-530000000.0,,,,,70000000.0,,,,-254000000.0,,,1052000000.0,,13326000000.0,,,,1097000000.0,-451000000.0,,-314000000.0,1134426230.0,26228000000.0,,,,9317000000.0,5402000000.0,,8226000000.0,-921000000.0,,,,,27235000000.0,17918000000.0,,,3520000000.0,1397000000.0,,,50000000.0,1188000000.0,1337000000.0,,3675000000.0,,2001000000.0,1513000000.0,,0.61,8519000000.0,,,,,,,,692000000.0,,4754000000.0,,692000000.0,,,,2185000000.0,-775000000.0,,692000000.0,,3662000000.0,,,,10000000.0,,,2185000000.0,549000000.0,,,38000000.0,3373000000.0,,,,-2101000000.0,-235000000.0,,,,391000000.0,,,13921000000.0,4049000000.0,,,,,,-27000000.0,,646000000.0,,,,,,,,,,,,,,,,,,,,,,,,,,,,,,,,,,,,
1064880000,,-1344000000.0,,,,,,,,,-158000000.0,-69000000.0,,,0.66,1912000000.0,6361000000.0,1119696970.0,2118000000.0,,175000000.0,,7165000000.0,,-305000000.0,11000000.0,2185000000.0,,,,,,13731000000.0,,-471000000.0,,400000000.0,,-98000000.0,,-12648000000.0,,,13931000000.0,,,38000000.0,,,,,,-420000000.0,,,,,159000000.0,,,,228000000.0,,,1139000000.0,,13783000000.0,,,,1590000000.0,-464000000.0,,-422000000.0,1136923077.0,26579000000.0,,,,9978000000.0,6063000000.0,357000000.0,8312000000.0,-804000000.0,,,,,28373000000.0,18395000000.0,,,3425000000.0,1229000000.0,,,923000000.0,1028000000.0,1311000000.0,,3741000000.0,,1951000000.0,1714000000.0,,0.65,8579000000.0,,,,,,,,739000000.0,,4830000000.0,,739000000.0,,,,3108000000.0,-274000000.0,,739000000.0,,3843000000.0,,,,23000000.0,,,3108000000.0,645000000.0,,,31000000.0,4136000000.0,,,,-1747000000.0,-282000000.0,,,,384000000.0,,,14642000000.0,4464000000.0,,,,,,0.0,,1126000000.0,,,,,,,,,,,,,,,,,,,,,,,,,,,,,,,,,,,,
1072828800,,-2181000000.0,,121000000.0,-264000000.0,,9853000000.0,2211000000.0,,26915000000.0,-42000000.0,-276000000.0,2898000000.0,317000000.0,,1147000000.0,6705000000.0,,2003000000.0,19328000000.0,-130000000.0,-1245000000.0,7650000000.0,37000000.0,-177000000.0,11000000.0,3108000000.0,,-1947000000.0,,740000000.0,1166000000.0,14852000000.0,1393000000.0,-283000000.0,1472000000.0,441000000.0,,-361000000.0,674000000.0,-13007000000.0,,,13908000000.0,11000000.0,8154000000.0,34000000.0,-2181000000.0,,,19056000000.0,,-558000000.0,25331000000.0,-26000000.0,,4055000000.0,236000000.0,14057000000.0,-13007000000.0,2699000000.0,-1209000000.0,,29031000000.0,1297000000.0,-850000000.0,14356000000.0,,,,486000000.0,-432000000.0,2898000000.0,-565000000.0,,26915000000.0,,2.57,,9853000000.0,5518000000.0,,8932000000.0,-945000000.0,28909000000.0,2898000000.0,,,28909000000.0,19056000000.0,3149000000.0,-1026000000.0,3149000000.0,1393000000.0,1136470588.0,4004000000.0,-157000000.0,1001000000.0,4055000000.0,,4004000000.0,4370000000.0,2227000000.0,1166000000.0,5909000000.0,,8539000000.0,154000000.0,14852000000.0,-3700000000.0,,33485000000.0,-6074000000.0,2.55,856000000.0,-1942000000.0,5036000000.0,14356000000.0,856000000.0,1549000000.0,,-2180000000.0,2951000000.0,-214000000.0,2951000000.0,856000000.0,1127626459.0,4055000000.0,,,,42000000.0,4646000000.0,8539000000.0,2951000000.0,674000000.0,66000000.0,,27000000.0,3952000000.0,2003000000.0,,5518000000.0,-1103000000.0,-272000000.0,1001000000.0,,1273000000.0,387000000.0,,,14057000000.0,3875000000.0,1273000000.0,3875000000.0,13908000000.0,-2151000000.0,-177000000.0,0.0,4055000000.0,54000000.0,-398000000.0,2951000000.0,-1903000000.0,3952000000.0,,,,,,,,,,,,,,,,,,,,,,,,,,,,,,,,
1080691200,,-2185000000.0,,,,,,,,,-379000000.0,50000000.0,,,0.67,933000000.0,6385000000.0,1132835821.0,2108000000.0,,94000000.0,,7702000000.0,,-224000000.0,11000000.0,2951000000.0,,,,,,14946000000.0,,-543000000.0,,436000000.0,,-58000000.0,,-13329000000.0,,,14008000000.0,,,35000000.0,,,,,,-931000000.0,,,,,194000000.0,,,,261000000.0,,,1195000000.0,,14799000000.0,,,,1823000000.0,-519000000.0,,-633000000.0,1132835821.0,27337000000.0,,,,10418000000.0,5740000000.0,,8919000000.0,-1317000000.0,,,,,29559000000.0,19141000000.0,,,3273000000.0,1497000000.0,,,-128000000.0,1789000000.0,1398000000.0,,3954000000.0,,2534000000.0,1452000000.0,,0.67,8873000000.0,,,,,,,,759000000.0,,5168000000.0,,759000000.0,,,,2823000000.0,-1281000000.0,,759000000.0,,4202000000.0,,,,17000000.0,,,2823000000.0,683000000.0,,,39000000.0,4612000000.0,,,,-1721000000.0,-308000000.0,,,,386000000.0,,,14613000000.0,3816000000.0,1317000000.0,,,,,1000000.0,,1304000000.0,,,,,,,,,,,,,,,,,,,,,,,,,,,,,,,,,,,,
1088553600,,-2217000000.0,,,,,,,,,-366000000.0,-10000000.0,,,0.73,1064000000.0,6389000000.0,1120547945.0,2022000000.0,,-118000000.0,,7561000000.0,,-238000000.0,11000000.0,2823000000.0,,,,,,15179000000.0,,-342000000.0,,471000000.0,,-20000000.0,,-13589000000.0,,,14072000000.0,,,69000000.0,,,,,,-787000000.0,,,,,-3000000.0,,,,-84000000.0,,,1289000000.0,,15301000000.0,,,,1317000000.0,-470000000.0,,-558000000.0,1136111111.0,27661000000.0,,,,10612000000.0,5793000000.0,,8871000000.0,-1172000000.0,,,,,29857000000.0,19245000000.0,,,3182000000.0,1288000000.0,,,489000000.0,1625000000.0,1436000000.0,,3964000000.0,,2482000000.0,1678000000.0,,0.72,8885000000.0,,,,,,,,818000000.0,,5079000000.0,,818000000.0,,,,3312000000.0,-243000000.0,,818000000.0,,4267000000.0,,,,14000000.0,,,3312000000.0,805000000.0,,,35000000.0,4937000000.0,,,,-906000000.0,-313000000.0,,,,385000000.0,,,14678000000.0,3859000000.0,1314000000.0,,,,,-30000000.0,,847000000.0,,,,,,,,,,,,,,,,,,,,,,,,,,,,,,,,,,,,
1096502400,,-2573000000.0,,,,,,,,,-347000000.0,-228000000.0,,,0.79,1301000000.0,6780000000.0,1126582278.0,1905000000.0,,4000000.0,,7694000000.0,,-237000000.0,11000000.0,3312000000.0,,,,,,15487000000.0,,-438000000.0,,356000000.0,,-158000000.0,,-13855000000.0,,,14220000000.0,,,35000000.0,,,,,,-531000000.0,,,,,22000000.0,,,,-463000000.0,,,1246000000.0,,15713000000.0,,,,972000000.0,-524000000.0,,-872000000.0,1141025641.0,28075000000.0,,,,11071000000.0,5755000000.0,,8952000000.0,-914000000.0,,,,,30969000000.0,19898000000.0,,,3145000000.0,1347000000.0,,,-489000000.0,1748000000.0,1423000000.0,,4192000000.0,,2172000000.0,1887000000.0,,0.78,9727000000.0,,,,,,,,890000000.0,,5139000000.0,,890000000.0,,,,2823000000.0,-557000000.0,,890000000.0,,5159000000.0,,,,26000000.0,,,2823000000.0,616000000.0,,,38000000.0,4571000000.0,,,,-1426000000.0,-306000000.0,,,,383000000.0,,,15482000000.0,4369000000.0,1309000000.0,,,,,0.0,,448000000.0,,,,,,,,,,,,,,,,,,,,,,,,,,,,,,,,,,,,
1104451200,,-1824000000.0,,149000000.0,-686000000.0,,12605000000.0,1064000000.0,,27478000000.0,-218000000.0,-498000000.0,3333000000.0,289000000.0,,1426000000.0,5580000000.0,,2266000000.0,20916000000.0,338000000.0,-468000000.0,8636000000.0,82000000.0,-236000000.0,11000000.0,2823000000.0,,-2127000000.0,,-325000000.0,1197000000.0,16384000000.0,1518000000.0,-554000000.0,1589000000.0,326000000.0,,-232000000.0,1187000000.0,-13505000000.0,,,13973000000.0,11000000.0,10677000000.0,54000000.0,-1824000000.0,,,20421000000.0,,-2667000000.0,25905000000.0,-32000000.0,,5382000000.0,76000000.0,16642000000.0,-13505000000.0,3204000000.0,-437000000.0,,31593000000.0,1192000000.0,-723000000.0,16192000000.0,,-238000000.0,,1219000000.0,-614000000.0,3333000000.0,49000000.0,,27478000000.0,,2.95,,12605000000.0,6483000000.0,,9840000000.0,-3056000000.0,33026000000.0,3333000000.0,,,33026000000.0,20421000000.0,3261000000.0,-1208000000.0,3261000000.0,1518000000.0,1137542662.0,5156000000.0,-197000000.0,4458000000.0,5382000000.0,,5156000000.0,4922000000.0,4260000000.0,1197000000.0,4724000000.0,,10159000000.0,193000000.0,16384000000.0,-5688000000.0,,36582000000.0,-6322000000.0,2.93,866000000.0,-3638000000.0,5530000000.0,16192000000.0,866000000.0,1543000000.0,,-2014000000.0,739000000.0,-1557000000.0,739000000.0,866000000.0,1129830508.0,5382000000.0,,,,25000000.0,5331000000.0,10159000000.0,739000000.0,1187000000.0,318000000.0,,37000000.0,5197000000.0,2266000000.0,,6483000000.0,-2269000000.0,-281000000.0,4458000000.0,,1924000000.0,389000000.0,,,16642000000.0,4524000000.0,1924000000.0,4524000000.0,13973000000.0,-4145000000.0,-236000000.0,-3000000.0,5382000000.0,605000000.0,-1310000000.0,739000000.0,-1877000000.0,5197000000.0,,,,,,,,,,,,,,,,,,,,,,,,,,,,,,,,
1112227200,,-2185000000.0,,,,,,,,,-831000000.0,82000000.0,,,0.78,842000000.0,6805000000.0,1130769231.0,2192000000.0,,-24000000.0,,8501000000.0,,-177000000.0,11000000.0,739000000.0,,,,,,16354000000.0,,-489000000.0,,496000000.0,,-388000000.0,,-13744000000.0,,,14058000000.0,,,46000000.0,,,,,,-1298000000.0,,,,,-3000000.0,,,,943000000.0,-40000000.0,,1378000000.0,,16520000000.0,,,,2329000000.0,-515000000.0,,-1772000000.0,1130769231.0,27802000000.0,,,,12599000000.0,6445000000.0,354000000.0,9886000000.0,-1696000000.0,,,,,33129000000.0,20530000000.0,,,3211000000.0,1581000000.0,,,-60000000.0,4550000000.0,5612000000.0,,5042000000.0,,3081000000.0,1478000000.0,,0.78,10330000000.0,,,,,,,,882000000.0,,5420000000.0,,882000000.0,,,,679000000.0,-615000000.0,,882000000.0,,5612000000.0,,,,30000000.0,,,679000000.0,840000000.0,,,37000000.0,5229000000.0,,,,-948000000.0,-671000000.0,,,,398000000.0,,,16775000000.0,4530000000.0,1942000000.0,,,,,44000000.0,,1814000000.0,,,,,,,,,,,,,,,,,,,,,,,,,,,,,,,,,,,,
1120089600,,-2004000000.0,,,,,,,,,-574000000.0,114000000.0,,,0.88,2795000000.0,6965000000.0,1120454545.0,2131000000.0,,-34000000.0,,8642000000.0,,-166000000.0,11000000.0,679000000.0,,,,,,16449000000.0,,-522000000.0,,555000000.0,,-125000000.0,,-13905000000.0,,,14154000000.0,,,39000000.0,,,,,,-1274000000.0,,,,,-48000000.0,,,,284000000.0,-52000000.0,,1541000000.0,,16604000000.0,,,,1751000000.0,-528000000.0,,-880000000.0,1120454545.0,28059000000.0,,,,12474000000.0,6243000000.0,70000000.0,10191000000.0,-1677000000.0,,,,,33166000000.0,20692000000.0,,,3258000000.0,1546000000.0,,,581000000.0,4244000000.0,1549000000.0,,4887000000.0,,3226000000.0,1631000000.0,,0.88,10474000000.0,,,,,,,,986000000.0,,5416000000.0,,986000000.0,,,,1260000000.0,-274000000.0,,986000000.0,,5667000000.0,,,,38000000.0,,,1260000000.0,865000000.0,,,46000000.0,5504000000.0,,,,-2485000000.0,-362000000.0,,,,403000000.0,,,16717000000.0,4573000000.0,1965000000.0,,,,,-46000000.0,,1223000000.0,,,,,,,,,,,,,,,,,,,,,,,,,,,,,,,,,,,,
1128038400,,-2874000000.0,,,,,,,,,-549000000.0,-319000000.0,,,0.86,4229000000.0,8022000000.0,1108139535.0,2374000000.0,,146000000.0,,9052000000.0,,-128000000.0,11000000.0,1260000000.0,,,,,,16617000000.0,,-663000000.0,,536000000.0,,250000000.0,,-14106000000.0,,,14889000000.0,,,40000000.0,,,,,,-618000000.0,,,,,-22000000.0,,,,-906000000.0,-1371000000.0,,1489000000.0,,16734000000.0,,,,471000000.0,-567000000.0,,-19000000.0,1108139535.0,28995000000.0,,,,11433000000.0,7869000000.0,,10550000000.0,-1030000000.0,,,,,35079000000.0,23646000000.0,,,3182000000.0,1964000000.0,,,448000000.0,2198000000.0,5805000000.0,,5446000000.0,,2528000000.0,1681000000.0,,0.86,10593000000.0,,,,,,,,953000000.0,,6112000000.0,,953000000.0,,,,1708000000.0,-9000000.0,,953000000.0,,5805000000.0,,,,28000000.0,,,1708000000.0,1850000000.0,,,37000000.0,3906000000.0,,,,-2212000000.0,-359000000.0,,,,412000000.0,,,18462000000.0,5628000000.0,3129000000.0,,,,,0.0,,-96000000.0,,,,,,,,,,,,,,,,,,,,,,,,,,,,,,,,,,,,
1135987200,,-2806000000.0,,172000000.0,-647000000.0,,11003000000.0,739000000.0,,29557000000.0,-525000000.0,-524000000.0,3870000000.0,477000000.0,,2509000000.0,6754000000.0,,2352000000.0,22517000000.0,70000000.0,-589000000.0,10243000000.0,104000000.0,-164000000.0,11000000.0,1708000000.0,,-2187000000.0,,630000000.0,1324000000.0,16884000000.0,1752000000.0,-592000000.0,2205000000.0,618000000.0,,-326000000.0,821000000.0,-14268000000.0,,,15289000000.0,11000000.0,12277000000.0,39000000.0,-2806000000.0,,,24219000000.0,,-3058000000.0,30304000000.0,-8000000.0,,6682000000.0,550000000.0,18338000000.0,-14268000000.0,3606000000.0,-896000000.0,-25000000.0,36438000000.0,1667000000.0,-575000000.0,17037000000.0,,-1488000000.0,,1242000000.0,-577000000.0,3870000000.0,-1504000000.0,,29557000000.0,,3.48,,11003000000.0,6793000000.0,180000000.0,11954000000.0,-3489000000.0,35222000000.0,3870000000.0,,2549000000.0,35222000000.0,24219000000.0,3159000000.0,-1391000000.0,3159000000.0,1752000000.0,1115273775.0,5950000000.0,-339000000.0,1672000000.0,6682000000.0,,5950000000.0,6075000000.0,5200000000.0,1324000000.0,10375000000.0,,11545000000.0,164000000.0,16884000000.0,-6134000000.0,,42581000000.0,-7623000000.0,3.47,1049000000.0,-975000000.0,4612000000.0,17037000000.0,1049000000.0,1644000000.0,2549000000.0,-4175000000.0,1369000000.0,-77000000.0,1369000000.0,1049000000.0,1112068966.0,6682000000.0,,,,8000000.0,5793000000.0,11545000000.0,1369000000.0,821000000.0,158000000.0,,52000000.0,3041000000.0,2352000000.0,,6793000000.0,-1978000000.0,1000000.0,1672000000.0,,684000000.0,431000000.0,,180000000.0,18338000000.0,5697000000.0,684000000.0,5697000000.0,15289000000.0,-4490000000.0,-164000000.0,-6000000.0,6682000000.0,665000000.0,-2479000000.0,1369000000.0,-2266000000.0,3041000000.0,,,,,,,,,,,,,,,,,,,,,,,,,,,,,,,,
1143763200,,-2407000000.0,,,,,,,,,-867000000.0,163000000.0,,,0.89,1354000000.0,,1095505618.0,2227000000.0,,-115000000.0,,9966000000.0,,-156000000.0,11000000.0,1369000000.0,,,,,,16716000000.0,,-646000000.0,,555000000.0,,-32000000.0,,-14535000000.0,,,15450000000.0,,,40000000.0,,,,,,1994000000.0,,,,,38000000.0,,,,877000000.0,-4000000.0,,1530000000.0,,16861000000.0,,,,2528000000.0,-596000000.0,,-1797000000.0,1095505618.0,29985000000.0,,,,10843000000.0,7006000000.0,476000000.0,11521000000.0,1555000000.0,,,,,34791000000.0,23948000000.0,,,3046000000.0,2036000000.0,,,-245000000.0,2007000000.0,6297000000.0,,5738000000.0,,,1574000000.0,,0.89,11069000000.0,,,,,,,,975000000.0,,9966000000.0,,975000000.0,,2501000000.0,,1124000000.0,-978000000.0,,975000000.0,,6297000000.0,,,,23000000.0,,,1124000000.0,693000000.0,,,48000000.0,3131000000.0,,,,-1692000000.0,-763000000.0,,,,439000000.0,,,18075000000.0,5241000000.0,756000000.0,,,,,-207000000.0,,1932000000.0,,,,,,,,,,,,,,,,,,,,,,,,,,,,,,,,,,,,
1151625600,,-2444000000.0,,,,,,,,,-554000000.0,64000000.0,,,0.98,2427000000.0,9488000000.0,1082653061.0,2360000000.0,,151000000.0,,10041000000.0,,-118000000.0,11000000.0,1124000000.0,,,,,,17015000000.0,,-693000000.0,,603000000.0,,-3000000.0,,-14773000000.0,,,15903000000.0,,,49000000.0,,,,,,-117000000.0,,,,,-43000000.0,,,,-236000000.0,0.0,,1664000000.0,,17122000000.0,,,,1436000000.0,-860000000.0,,-1050000000.0,1093814433.0,30676000000.0,,,,10525000000.0,6613000000.0,,11736000000.0,-553000000.0,,,,,34874000000.0,24349000000.0,,,3077000000.0,2083000000.0,,,-179000000.0,1905000000.0,2890000000.0,,5711000000.0,,2248000000.0,1625000000.0,,0.97,11246000000.0,,,,,,,,1061000000.0,,7357000000.0,,1061000000.0,,2539000000.0,,945000000.0,-587000000.0,,1061000000.0,,3505000000.0,,,,23000000.0,,,945000000.0,545000000.0,,,54000000.0,2850000000.0,,,,-2342000000.0,-405000000.0,,,,436000000.0,,,17859000000.0,5170000000.0,737000000.0,,,,,-140000000.0,,576000000.0,,,,,,,,,,,,,,,,,,,,,,,,,,,,,,,,,,,,
1159574400,,-3816000000.0,,,,,,,,,-620000000.0,-191000000.0,,,0.96,3350000000.0,9406000000.0,1081250000.0,2371000000.0,,25000000.0,,10086000000.0,,-112000000.0,11000000.0,945000000.0,,,,,,17177000000.0,,-814000000.0,,509000000.0,,-28000000.0,,-15089000000.0,,,16353000000.0,,,38000000.0,,,,,-1494000000.0,-239000000.0,,,,,-28000000.0,,,,-84000000.0,3000000.0,,1547000000.0,,17278000000.0,,,,112000000.0,-841000000.0,,70000000.0,1081250000.0,31442000000.0,,,,10141000000.0,7819000000.0,,11662000000.0,-680000000.0,,,,,36172000000.0,26031000000.0,,,3113000000.0,2148000000.0,,,194000000.0,1102000000.0,6312000000.0,,5892000000.0,,2256000000.0,1650000000.0,,0.96,11176000000.0,,,,,,,,1038000000.0,,7389000000.0,,1038000000.0,,2484000000.0,,1139000000.0,19000000.0,,1038000000.0,,6312000000.0,,,,25000000.0,,,1139000000.0,1650000000.0,,,54000000.0,2241000000.0,,,,-2534000000.0,-401000000.0,,,,441000000.0,,,18995000000.0,6482000000.0,712000000.0,,,,,1053000000.0,,-729000000.0,,,,,,,,,,,,,,,,,,,,,,,,,,,,,,,,,,,,
1167523200,,760000000.0,,211000000.0,-77000000.0,,9377000000.0,1369000000.0,,32081000000.0,-419000000.0,-113000000.0,4202000000.0,279000000.0,,2407000000.0,4490000000.0,,1841000000.0,24421000000.0,-37000000.0,-90000000.0,10819000000.0,86000000.0,-2205000000.0,11000000.0,1139000000.0,,-3085000000.0,,-575000000.0,1303000000.0,15482000000.0,2091000000.0,-694000000.0,2308000000.0,641000000.0,,-27000000.0,983000000.0,-15302000000.0,,,16779000000.0,11000000.0,14743000000.0,37000000.0,760000000.0,369000000.0,,23833000000.0,1707000000.0,-5897000000.0,32804000000.0,-24000000.0,,2529000000.0,312000000.0,17728000000.0,-15302000000.0,2504000000.0,-637000000.0,-49000000.0,40912000000.0,1769000000.0,-80000000.0,17676000000.0,,-50000000.0,,1513000000.0,-788000000.0,4202000000.0,-1074000000.0,,32081000000.0,,3.87,,9377000000.0,6719000000.0,101000000.0,12628000000.0,-6329000000.0,33210000000.0,4202000000.0,,2533000000.0,33210000000.0,23833000000.0,3133000000.0,-1577000000.0,3133000000.0,2091000000.0,1088601036.0,5794000000.0,-345000000.0,1189000000.0,2599000000.0,,5794000000.0,6510000000.0,8138000000.0,1303000000.0,9538000000.0,,11009000000.0,164000000.0,15482000000.0,-8108000000.0,,47547000000.0,-9056000000.0,3.86,1128000000.0,-2340000000.0,2249000000.0,17676000000.0,1128000000.0,1748000000.0,2533000000.0,-3851000000.0,794000000.0,-794000000.0,794000000.0,1128000000.0,1085788114.0,2529000000.0,,,,15000000.0,5589000000.0,11009000000.0,794000000.0,983000000.0,24000000.0,,55000000.0,1983000000.0,1841000000.0,,6719000000.0,-2488000000.0,-8000000.0,1189000000.0,,688000000.0,432000000.0,,101000000.0,17728000000.0,3459000000.0,688000000.0,3459000000.0,16779000000.0,-6360000000.0,-2205000000.0,-27000000.0,2599000000.0,725000000.0,-2460000000.0,794000000.0,-2847000000.0,1983000000.0,,,,,,,,,,,,,,,,,,,,,,,,,,,,,,,,
1175299200,,736000000.0,,,,,,,,,-669000000.0,270000000.0,,,0.79,2687000000.0,9654000000.0,1067088608.0,1797000000.0,,-16000000.0,,10548000000.0,,-2179000000.0,11000000.0,794000000.0,,,,,,15308000000.0,,-633000000.0,,480000000.0,,-79000000.0,,-15615000000.0,,,16738000000.0,,,38000000.0,,,,,356000000.0,-458000000.0,,,,,-129000000.0,,,,959000000.0,,,1323000000.0,,17476000000.0,,,,2493000000.0,-668000000.0,,-1474000000.0,1080769231.0,32353000000.0,,,,9522000000.0,7017000000.0,539000000.0,11906000000.0,-894000000.0,,,,,33375000000.0,23853000000.0,,,3139000000.0,2232000000.0,,,77000000.0,1527000000.0,2588000000.0,,5490000000.0,,2252000000.0,1473000000.0,,0.78,11050000000.0,,,,,,,,843000000.0,,7860000000.0,,843000000.0,,2543000000.0,,871000000.0,-945000000.0,,843000000.0,,2535000000.0,,,,14000000.0,,,871000000.0,976000000.0,,,49000000.0,2398000000.0,,,,-3019000000.0,-830000000.0,,,,436000000.0,,,18067000000.0,3475000000.0,703000000.0,,,,,-13000000.0,,1825000000.0,,,,,,,,,,,,,,,,,,,,,,,,,,,,,,,,,,,,
1183161600,,841000000.0,,,,,,,,,-853000000.0,-77000000.0,,,1.04,2867000000.0,9806000000.0,1061538462.0,1664000000.0,,-156000000.0,,10424000000.0,,-2198000000.0,11000000.0,871000000.0,,,,,,15244000000.0,,-648000000.0,,628000000.0,,-44000000.0,,-15898000000.0,,,16987000000.0,,,37000000.0,,,,,264000000.0,-187000000.0,,,,,-70000000.0,,,,-644000000.0,,,1732000000.0,,17431000000.0,,,,1103000000.0,-538000000.0,,-741000000.0,1061538462.0,32885000000.0,,,,9462000000.0,7210000000.0,108000000.0,12189000000.0,-618000000.0,,,,,33513000000.0,24051000000.0,,,3101000000.0,2337000000.0,,,-15000000.0,1265000000.0,2550000000.0,,5544000000.0,,2383000000.0,1614000000.0,,1.04,11059000000.0,,,,,,,,1104000000.0,,7610000000.0,,1104000000.0,,2553000000.0,,856000000.0,-378000000.0,,1104000000.0,,2568000000.0,,,,28000000.0,,,856000000.0,1487000000.0,,,61000000.0,2121000000.0,,,,-2611000000.0,-436000000.0,,,,431000000.0,,,18269000000.0,3408000000.0,672000000.0,,,,,511000000.0,,565000000.0,,,,,,,,,,,,,,,,,,,,,,,,,,,,,,,,,,,,
1191110400,,796000000.0,,,,,,,,,-547000000.0,-121000000.0,,,1.02,2223000000.0,9725000000.0,1054901961.0,1620000000.0,,-45000000.0,,10497000000.0,,-2174000000.0,10000000.0,856000000.0,,,,,,15569000000.0,,-898000000.0,,593000000.0,,-58000000.0,,-16131000000.0,,,17327000000.0,,,59000000.0,,,,,-456000000.0,-337000000.0,,,,,2000000.0,,,,538000000.0,,,1669000000.0,,17733000000.0,,,,1672000000.0,-788000000.0,,-918000000.0,1054901961.0,33458000000.0,,,,9542000000.0,7849000000.0,563000000.0,12205000000.0,-772000000.0,,,,,34496000000.0,24954000000.0,,,3287000000.0,2564000000.0,,,389000000.0,754000000.0,2364000000.0,,5674000000.0,,2480000000.0,1728000000.0,,1.02,11078000000.0,,,,,,,,1076000000.0,,7582000000.0,,1076000000.0,,2580000000.0,,1245000000.0,-370000000.0,,1076000000.0,,2617000000.0,,,,14000000.0,,,1245000000.0,1374000000.0,,,53000000.0,1999000000.0,,,,-1704000000.0,-432000000.0,,,,435000000.0,,,18927000000.0,3923000000.0,650000000.0,,,,,2000000.0,,884000000.0,,,,,,,,,,,,,,,,,,,,,,,,,,,,,,,,,,,,
1199059200,,742000000.0,,246000000.0,-380000000.0,,11760000000.0,794000000.0,,33611000000.0,-570000000.0,-452000000.0,382000000.0,-249000000.0,,1822000000.0,10474000000.0,,1819000000.0,37336000000.0,180000000.0,-198000000.0,7612000000.0,99000000.0,-2013000000.0,10000000.0,1245000000.0,,-2820000000.0,,1233000000.0,1414000000.0,12183000000.0,2655000000.0,-643000000.0,49000000.0,-1652000000.0,,-17000000.0,3512000000.0,-15948000000.0,447000000.0,,17663000000.0,10000000.0,10033000000.0,40000000.0,742000000.0,-45000000.0,,27282000000.0,-209000000.0,3404000000.0,39659000000.0,-44000000.0,,2620000000.0,-52000000.0,26859000000.0,-15948000000.0,-1697000000.0,-2300000000.0,,39081000000.0,-4293000000.0,-1447000000.0,14186000000.0,,-2000000.0,,-4145000000.0,-826000000.0,382000000.0,5430000000.0,,33611000000.0,,0.36,,11760000000.0,9840000000.0,,13392000000.0,2862000000.0,39042000000.0,382000000.0,,2577000000.0,39042000000.0,27282000000.0,7506000000.0,-1703000000.0,7506000000.0,2655000000.0,1063000000.0,6084000000.0,782000000.0,577000000.0,2455000000.0,,6084000000.0,431000000.0,2918000000.0,1414000000.0,9599000000.0,,17019000000.0,174000000.0,12183000000.0,578000000.0,,49692000000.0,-9061000000.0,0.36,-2641000000.0,-2199000000.0,14284000000.0,14186000000.0,-2641000000.0,1745000000.0,2577000000.0,2297000000.0,2027000000.0,-506000000.0,2027000000.0,-2641000000.0,1057000000.0,2620000000.0,,,,43000000.0,1123000000.0,17019000000.0,2027000000.0,3512000000.0,-37000000.0,,83000000.0,2604000000.0,1819000000.0,,9840000000.0,-1727000000.0,-5000000.0,577000000.0,,628000000.0,443000000.0,,,26859000000.0,1562000000.0,628000000.0,1562000000.0,17663000000.0,2422000000.0,-2013000000.0,-46000000.0,2455000000.0,-4971000000.0,-2639000000.0,2027000000.0,0.0,2604000000.0,,,,,,,,,,,,,,,,,,,,,,,,,,,,,,,,
1206921600,,881000000.0,,,,,,,,,-1170000000.0,1291000000.0,,,0.87,1106000000.0,10130000000.0,1041379310.0,1946000000.0,,5000000.0,,8637000000.0,,-1934000000.0,10000000.0,2027000000.0,,,,,,11593000000.0,,-811000000.0,,510000000.0,,-4113000000.0,,-16347000000.0,,,17921000000.0,,,45000000.0,,,,,265000000.0,1945000000.0,,,,,-114000000.0,,,,1638000000.0,,,1416000000.0,,13517000000.0,,,,3305000000.0,-661000000.0,,-3342000000.0,1041379310.0,34268000000.0,,,,9602000000.0,8977000000.0,359000000.0,12675000000.0,1493000000.0,,,,,37470000000.0,27868000000.0,,,7294000000.0,2508000000.0,,,-1018000000.0,475000000.0,2512000000.0,,5956000000.0,,2545000000.0,1656000000.0,,0.87,16900000000.0,,,,,,,,906000000.0,,7887000000.0,,906000000.0,,2607000000.0,,1009000000.0,-1028000000.0,,906000000.0,,2472000000.0,,,,57000000.0,,,1009000000.0,2508000000.0,,,134000000.0,1484000000.0,,,,-1380000000.0,-886000000.0,,,,452000000.0,,,25877000000.0,6278000000.0,612000000.0,,,,,-84000000.0,,2644000000.0,,,,,,,,,,,,,,,,,,,,,,,,,,,,,,,,,,,,
1214784000,,989000000.0,,,,,,,,,-1124000000.0,-1170000000.0,,,0.86,492000000.0,9852000000.0,1019000000.0,2284000000.0,,182000000.0,,8398000000.0,,-1831000000.0,10000000.0,1009000000.0,,,,,,11020000000.0,,-576000000.0,,491000000.0,,-1492000000.0,,-16624000000.0,,,18213000000.0,,,53000000.0,,,,,-201000000.0,1920000000.0,,,,,63000000.0,,,,-248000000.0,,,1364000000.0,,12841000000.0,,,,1723000000.0,-726000000.0,,-644000000.0,1029000000.0,34837000000.0,,,,9924000000.0,9967000000.0,,13001000000.0,1454000000.0,,,,,38056000000.0,28132000000.0,,,7233000000.0,2392000000.0,,,169000000.0,511000000.0,2594000000.0,,5946000000.0,,3149000000.0,1670000000.0,,0.85,17069000000.0,,,,,,,,873000000.0,,7946000000.0,,873000000.0,,2616000000.0,,1178000000.0,-911000000.0,,873000000.0,,2512000000.0,,,,14000000.0,,,1178000000.0,3621000000.0,,,104000000.0,1689000000.0,,,,-841000000.0,-451000000.0,,,,452000000.0,,,27036000000.0,1737000000.0,604000000.0,,,,,-199000000.0,,997000000.0,,,,,,,,,,,,,,,,,,,,,,,,,,,,,,,,,,,,
1222732800,,1079000000.0,,,,,,,,,-990000000.0,-70000000.0,,,0.96,630000000.0,9935000000.0,1006000000.0,2010000000.0,,-81000000.0,,8303000000.0,,-1619000000.0,10000000.0,1178000000.0,,,,,,11102000000.0,,-132000000.0,,545000000.0,,-1579000000.0,,-16776000000.0,,,18361000000.0,,,37000000.0,,,123000000.0,,-120000000.0,2075000000.0,,,,,164000000.0,,,,14000000.0,,,1515000000.0,,12711000000.0,,,,1920000000.0,-721000000.0,,-1051000000.0,1013000000.0,35137000000.0,,,,10072000000.0,8972000000.0,,13113000000.0,1632000000.0,,,,,38165000000.0,28093000000.0,,,8064000000.0,2296000000.0,,,61000000.0,523000000.0,2411000000.0,,5894000000.0,,3178000000.0,1771000000.0,,0.96,18091000000.0,,,,,,,,970000000.0,,7847000000.0,,970000000.0,,2576000000.0,,1239000000.0,-754000000.0,,970000000.0,,2768000000.0,,,,-13000000.0,,,1239000000.0,2895000000.0,,,104000000.0,1762000000.0,,,,-564000000.0,-444000000.0,,,,456000000.0,,,27063000000.0,1568000000.0,575000000.0,,,,,171000000.0,,1199000000.0,,,,,,,,,,,,,,,,,,,,,,,,,,,,,,,,,,,,
1230681600,,1108000000.0,,442000000.0,197000000.0,,8845000000.0,2027000000.0,,35098000000.0,-286000000.0,146000000.0,3003000000.0,187000000.0,,836000000.0,9989000000.0,,1855000000.0,32412000000.0,-19000000.0,-4534000000.0,9186000000.0,75000000.0,-5642000000.0,10000000.0,1239000000.0,,-2636000000.0,,-1520000000.0,1436000000.0,6780000000.0,2452000000.0,132000000.0,2012000000.0,466000000.0,,2650000000.0,2074000000.0,-16833000000.0,516000000.0,,18265000000.0,10000000.0,11878000000.0,34000000.0,1108000000.0,56000000.0,142000000.0,23034000000.0,112000000.0,1274000000.0,39608000000.0,-161000000.0,,588000000.0,74000000.0,25099000000.0,-16833000000.0,5790000000.0,-243000000.0,,34226000000.0,720000000.0,1161000000.0,12412000000.0,,,,1478000000.0,-528000000.0,3003000000.0,-1665000000.0,,35098000000.0,,2.96,,8845000000.0,7817000000.0,,12697000000.0,803000000.0,31879000000.0,3003000000.0,,1986000000.0,31879000000.0,23034000000.0,7797000000.0,-2219000000.0,7797000000.0,2452000000.0,1022000000.0,5547000000.0,-732000000.0,542000000.0,2574000000.0,,5547000000.0,5015000000.0,2708000000.0,1436000000.0,3064000000.0,,17282000000.0,169000000.0,6780000000.0,5382000000.0,,51486000000.0,-3754000000.0,2.94,254000000.0,-3179000000.0,8732000000.0,12412000000.0,254000000.0,1814000000.0,1986000000.0,-6702000000.0,507000000.0,-486000000.0,507000000.0,254000000.0,1016000000.0,588000000.0,,,,17000000.0,8426000000.0,17282000000.0,507000000.0,2074000000.0,87000000.0,,100000000.0,1049000000.0,1855000000.0,,7817000000.0,-969000000.0,-438000000.0,542000000.0,,511000000.0,454000000.0,,,25099000000.0,1786000000.0,511000000.0,1786000000.0,18265000000.0,7271000000.0,-5642000000.0,-49000000.0,2574000000.0,950000000.0,-3570000000.0,507000000.0,0.0,1049000000.0,,,,,,,,,,,,,,,,,,,,,,,,,,,,,,,,
1238457600,,1431000000.0,,,,,,,,,-116000000.0,750000000.0,,,0.4,845000000.0,8954000000.0,997000000.0,1677000000.0,,-114000000.0,,8236000000.0,,-5639000000.0,10000000.0,507000000.0,,,,,,6780000000.0,,0.0,,248000000.0,,-780000000.0,,-16003000000.0,,,18000000000.0,,,31000000.0,,,105000000.0,,-31000000.0,1161000000.0,,,,,-73000000.0,,,,1058000000.0,,,649000000.0,,12363000000.0,,,,2196000000.0,-382000000.0,,1457000000.0,1003000000.0,34003000000.0,,,,11368000000.0,8794000000.0,,10938000000.0,718000000.0,,,,,33773000000.0,22405000000.0,,,8737000000.0,2183000000.0,,,3231000000.0,608000000.0,2430000000.0,,4680000000.0,,1984000000.0,1588000000.0,,0.4,18199000000.0,,,,,,,,401000000.0,,7806000000.0,,401000000.0,,1964000000.0,,3738000000.0,-396000000.0,,401000000.0,,583000000.0,,,,13000000.0,,,3738000000.0,3346000000.0,,,82000000.0,4346000000.0,,,,-865000000.0,-438000000.0,,,,430000000.0,,,26993000000.0,1503000000.0,509000000.0,,,,,-256000000.0,,1814000000.0,,,,,,,,,,,,,,,,,,,,,,,,,,,,,,,,,,,,
1246320000,,1311000000.0,,,,,,,,,-131000000.0,102000000.0,,,0.45,822000000.0,10829000000.0,998000000.0,1517000000.0,,-179000000.0,,9934000000.0,,-5628000000.0,10000000.0,3738000000.0,,,,,,6793000000.0,,0.0,,247000000.0,,-1451000000.0,,-16292000000.0,,,17974000000.0,,,37000000.0,,,114000000.0,,22000000.0,873000000.0,,,,,34000000.0,,,,-220000000.0,,,692000000.0,,12352000000.0,,,,959000000.0,-289000000.0,,-1892000000.0,1004000000.0,34266000000.0,,,,10182000000.0,7157000000.0,,10829000000.0,895000000.0,,,,,32540000000.0,22358000000.0,,,8866000000.0,1935000000.0,,,-920000000.0,529000000.0,2435000000.0,,4569000000.0,,0.0,1688000000.0,,0.44,18590000000.0,,,,,,,,445000000.0,,6330000000.0,,445000000.0,,1991000000.0,,2818000000.0,-19000000.0,,445000000.0,,824000000.0,,,,-22000000.0,,,2818000000.0,2017000000.0,,,181000000.0,3347000000.0,,,,-563000000.0,-438000000.0,,,,426000000.0,,,25747000000.0,1517000000.0,497000000.0,,,,,-27000000.0,,670000000.0,,,,,,,,,,,,,,,,,,,,,,,,,,,,,,,,,,,,
1254268800,,924000000.0,,,,,,,,,-148000000.0,-302000000.0,,,0.55,465000000.0,11153000000.0,997000000.0,1486000000.0,,-26000000.0,,10224000000.0,,-5531000000.0,10000000.0,2818000000.0,,,,,,6981000000.0,,0.0,,293000000.0,,-683000000.0,,-16616000000.0,,,18092000000.0,,,36000000.0,,,93000000.0,,48000000.0,935000000.0,,,,,391000000.0,,,,-147000000.0,,,842000000.0,,12453000000.0,,,,1078000000.0,-514000000.0,,-1226000000.0,1004000000.0,34708000000.0,,,,9566000000.0,6774000000.0,,11153000000.0,929000000.0,,,,,32211000000.0,22645000000.0,,,8908000000.0,2104000000.0,,,-576000000.0,546000000.0,2508000000.0,,4851000000.0,,0.0,1787000000.0,,0.55,18391000000.0,,,,,,,,549000000.0,,6341000000.0,,549000000.0,,2111000000.0,,2242000000.0,-464000000.0,,549000000.0,,927000000.0,,,,6000000.0,,,2242000000.0,1397000000.0,,,93000000.0,2788000000.0,,,,-438000000.0,-437000000.0,,,,441000000.0,,,25165000000.0,1571000000.0,509000000.0,,,,,0.0,,564000000.0,,,,,,,,,,,,,,,,,,,,,,,,,,,,,,,,,,,,
1262217600,,668000000.0,,445000000.0,-30000000.0,,9275000000.0,507000000.0,,34807000000.0,-166000000.0,-580000000.0,2152000000.0,471000000.0,,413000000.0,9740000000.0,,1766000000.0,30930000000.0,212000000.0,-3682000000.0,8481000000.0,10000000.0,-5127000000.0,10000000.0,2242000000.0,,-1602000000.0,,1035000000.0,1416000000.0,7630000000.0,1946000000.0,0.0,1214000000.0,426000000.0,,-768000000.0,853000000.0,-16828000000.0,430000000.0,,17979000000.0,10000000.0,8819000000.0,45000000.0,668000000.0,133000000.0,118000000.0,22608000000.0,94000000.0,1722000000.0,36478000000.0,-360000000.0,,1293000000.0,119000000.0,24187000000.0,-16828000000.0,3683000000.0,-583000000.0,,32677000000.0,1183000000.0,108000000.0,12745000000.0,,,,1052000000.0,-417000000.0,2152000000.0,-1384000000.0,,34807000000.0,,2.16,,9275000000.0,6239000000.0,258000000.0,12377000000.0,1259000000.0,31883000000.0,2152000000.0,,2089000000.0,31883000000.0,22608000000.0,8668000000.0,-1751000000.0,8668000000.0,1946000000.0,998000000.0,5369000000.0,-700000000.0,558000000.0,2530000000.0,,5369000000.0,3366000000.0,2637000000.0,1416000000.0,2545000000.0,,17948000000.0,149000000.0,7630000000.0,3801000000.0,,45297000000.0,-2251000000.0,2.14,757000000.0,-1248000000.0,8031000000.0,12745000000.0,757000000.0,1747000000.0,2089000000.0,-3045000000.0,1542000000.0,-369000000.0,1542000000.0,757000000.0,995000000.0,1293000000.0,,,,13000000.0,5285000000.0,17948000000.0,1542000000.0,853000000.0,-107000000.0,,89000000.0,2100000000.0,1766000000.0,,6239000000.0,-385000000.0,-438000000.0,558000000.0,,596000000.0,450000000.0,,258000000.0,24187000000.0,1607000000.0,596000000.0,1607000000.0,17979000000.0,5558000000.0,-5127000000.0,-77000000.0,2530000000.0,635000000.0,-561000000.0,1542000000.0,0.0,2100000000.0,,,,,,,,,,,,,,,,,,,,,,,,,,,,,,,,
1269993600,,783000000.0,,,,,,,,,-278000000.0,177000000.0,,,0.54,334000000.0,11728000000.0,995000000.0,1788000000.0,,48000000.0,,10686000000.0,,-5155000000.0,10000000.0,1542000000.0,,,,,,7547000000.0,,0.0,,420000000.0,,-206000000.0,,-17050000000.0,,,17758000000.0,,,45000000.0,,,100000000.0,,-12000000.0,1038000000.0,,,,,139000000.0,,,,673000000.0,,,953000000.0,,12692000000.0,,,,1549000000.0,-283000000.0,,-257000000.0,1004000000.0,34808000000.0,,,,10060000000.0,7366000000.0,348000000.0,11728000000.0,1042000000.0,,,,,32504000000.0,22444000000.0,,,8548000000.0,2036000000.0,,,1002000000.0,571000000.0,2529000000.0,,5077000000.0,,0.0,1788000000.0,,0.53,17525000000.0,,,,,,,,533000000.0,,6539000000.0,,533000000.0,,2070000000.0,,2544000000.0,-250000000.0,,533000000.0,,1494000000.0,,,,-4000000.0,,,2544000000.0,1406000000.0,,,85000000.0,3115000000.0,,,,-321000000.0,-456000000.0,,,,451000000.0,,,24891000000.0,1651000000.0,628000000.0,,,,,-42000000.0,,1266000000.0,,,,,,,,,,,,,,,,,,,,,,,,,,,,,,,,,,,,
1277856000,,805000000.0,,,,,,,,,-165000000.0,-135000000.0,,,0.85,610000000.0,12204000000.0,994000000.0,1708000000.0,,-49000000.0,,10802000000.0,,-5217000000.0,10000000.0,2544000000.0,,,,,,7865000000.0,,96000000.0,,455000000.0,,-13000000.0,,-17266000000.0,,,17615000000.0,,,61000000.0,,,138000000.0,,63000000.0,1384000000.0,,,,,-104000000.0,,,,-27000000.0,,,1300000000.0,,13067000000.0,,,,1463000000.0,-381000000.0,,-389000000.0,1003000000.0,34881000000.0,,,,11024000000.0,7687000000.0,291000000.0,12204000000.0,1402000000.0,,,,,33269000000.0,22245000000.0,,,8614000000.0,2142000000.0,,,708000000.0,755000000.0,2662000000.0,,5110000000.0,,0.0,1909000000.0,,0.84,17652000000.0,,,,,,,,845000000.0,,6515000000.0,,845000000.0,,2050000000.0,,3252000000.0,-358000000.0,,845000000.0,,1429000000.0,,,,-18000000.0,,,3252000000.0,1637000000.0,,,84000000.0,4007000000.0,,,,-703000000.0,-455000000.0,,,,449000000.0,,,25339000000.0,1640000000.0,628000000.0,,,,,-17000000.0,,1082000000.0,,,,,,,,,,,,,,,,,,,,,,,,,,,,,,,,,,,,
1285804800,,713000000.0,,,,,,,,,-156000000.0,-85000000.0,,,1.0,850000000.0,12192000000.0,994000000.0,1840000000.0,,63000000.0,,10576000000.0,,-5153000000.0,10000000.0,3252000000.0,,,,,,8460000000.0,,85000000.0,,549000000.0,,-136000000.0,,-17569000000.0,,,17471000000.0,,,45000000.0,,,111000000.0,,-27000000.0,1631000000.0,,,,,-59000000.0,,,,-377000000.0,,,1540000000.0,,13603000000.0,,,,911000000.0,-347000000.0,,-1293000000.0,1004000000.0,35040000000.0,,,,10756000000.0,6801000000.0,129000000.0,12192000000.0,1616000000.0,,,,,32907000000.0,22151000000.0,,,8648000000.0,2039000000.0,,,-232000000.0,732000000.0,2585000000.0,,5250000000.0,,0.0,1799000000.0,,0.99,17580000000.0,,,,,,,,991000000.0,,6411000000.0,,991000000.0,,2085000000.0,,3020000000.0,115000000.0,,991000000.0,,1497000000.0,,,,15000000.0,,,3020000000.0,994000000.0,,,91000000.0,3752000000.0,,,,-727000000.0,-452000000.0,,,,448000000.0,,,24381000000.0,1673000000.0,609000000.0,,,,,-1000000.0,,564000000.0,,,,,,,,,,,,,,,,,,,,,,,,,,,,,,,,,,,,
1293753600,,712000000.0,,354000000.0,-532000000.0,,11569000000.0,1542000000.0,,35220000000.0,-218000000.0,-489000000.0,3488000000.0,1002000000.0,,726000000.0,10404000000.0,,1974000000.0,31136000000.0,203000000.0,-468000000.0,8590000000.0,3000000.0,-6195000000.0,10000000.0,3020000000.0,,-1389000000.0,,1828000000.0,725000000.0,7979000000.0,1343000000.0,220000000.0,2035000000.0,611000000.0,,-113000000.0,355000000.0,-17833000000.0,519000000.0,,17387000000.0,10000000.0,10743000000.0,67000000.0,712000000.0,43000000.0,170000000.0,22028000000.0,19000000.0,2268000000.0,38802000000.0,-175000000.0,,1870000000.0,1026000000.0,25550000000.0,-17833000000.0,2446000000.0,-928000000.0,,32928000000.0,1730000000.0,-659000000.0,14164000000.0,,,,-88000000.0,-378000000.0,3488000000.0,593000000.0,,35220000000.0,,3.51,,11569000000.0,5902000000.0,,13421000000.0,1814000000.0,33597000000.0,3488000000.0,,2081000000.0,33597000000.0,22028000000.0,10491000000.0,-1818000000.0,10491000000.0,1343000000.0,1003000000.0,5627000000.0,350000000.0,711000000.0,815000000.0,,5627000000.0,5523000000.0,3017000000.0,725000000.0,2520000000.0,,19648000000.0,218000000.0,7979000000.0,5874000000.0,,49545000000.0,-2490000000.0,3.48,1119000000.0,-654000000.0,8146000000.0,14164000000.0,1119000000.0,1792000000.0,2081000000.0,-1346000000.0,3370000000.0,-161000000.0,3370000000.0,1119000000.0,994000000.0,1870000000.0,,,,10000000.0,3835000000.0,19648000000.0,3370000000.0,355000000.0,265000000.0,,94000000.0,4081000000.0,1974000000.0,,5902000000.0,-739000000.0,-455000000.0,711000000.0,,599000000.0,444000000.0,,,25550000000.0,1673000000.0,599000000.0,1673000000.0,17387000000.0,7669000000.0,-6195000000.0,-115000000.0,815000000.0,-466000000.0,-817000000.0,3370000000.0,401000000.0,4081000000.0,,,,,,,,,,,,,,,,,,,,,,,,,,,,,,,,
1301529600,,698000000.0,,,,,,,,,-505000000.0,312000000.0,,,0.89,1167000000.0,9711000000.0,992000000.0,2017000000.0,,-81000000.0,,8285000000.0,,-6052000000.0,10000000.0,3370000000.0,,,,,,8164000000.0,,-16000000.0,,467000000.0,,-113000000.0,,-18238000000.0,,,17407000000.0,,,104000000.0,,,120000000.0,,2000000.0,1878000000.0,,,,,112000000.0,,,,694000000.0,,,1352000000.0,,14206000000.0,,,,1281000000.0,-402000000.0,,247000000.0,1002000000.0,35645000000.0,,,,12618000000.0,7605000000.0,307000000.0,12582000000.0,1426000000.0,,,,,34594000000.0,21976000000.0,,,10504000000.0,1315000000.0,,,1287000000.0,787000000.0,803000000.0,,5462000000.0,,2871000000.0,752000000.0,,0.88,18755000000.0,,,,,,,,885000000.0,,7844000000.0,,885000000.0,,2107000000.0,,4657000000.0,-282000000.0,,885000000.0,,2024000000.0,,,,11000000.0,,,4657000000.0,1554000000.0,,,85000000.0,5444000000.0,,,,-1042000000.0,-503000000.0,,,,441000000.0,,,26360000000.0,1588000000.0,599000000.0,,,,,-45000000.0,,879000000.0,,,,,,,,,,,,,,,,,,,,,,,,,,,,,,,,,,,,
1309392000,,701000000.0,,,,,,,,,-547000000.0,-127000000.0,,,1.08,1122000000.0,13191000000.0,988000000.0,2078000000.0,,58000000.0,,11493000000.0,,-5977000000.0,10000000.0,4657000000.0,,,,,,8254000000.0,,-107000000.0,,561000000.0,,-66000000.0,,-18481000000.0,,,17489000000.0,,,59000000.0,,,152000000.0,,36000000.0,1707000000.0,,,,,96000000.0,,,,-37000000.0,,,1624000000.0,,14218000000.0,,,,2033000000.0,-549000000.0,,-1218000000.0,998000000.0,35970000000.0,,,,12950000000.0,7618000000.0,,13191000000.0,1698000000.0,,,,,35152000000.0,22202000000.0,,,10787000000.0,1710000000.0,,,34000000.0,946000000.0,723000000.0,,5602000000.0,,0.0,768000000.0,,1.07,19205000000.0,,,,,,,,1063000000.0,,6683000000.0,,1063000000.0,,2101000000.0,,4691000000.0,-787000000.0,,1063000000.0,,2175000000.0,,,,9000000.0,,,4691000000.0,1374000000.0,,,83000000.0,5637000000.0,,,,-1264000000.0,-504000000.0,,,,443000000.0,,,26823000000.0,1771000000.0,593000000.0,,,,,-192000000.0,,1484000000.0,,,,,,,,,,,,,,,,,,,,,,,,,,,,,,,,,,,,
1317340800,,957000000.0,,,,,,,,,-1121000000.0,-8000000.0,,,1.1,1196000000.0,13166000000.0,977000000.0,1974000000.0,,-44000000.0,,11500000000.0,,-6040000000.0,10000000.0,4691000000.0,,,,,,7798000000.0,,-120000000.0,,526000000.0,,-1000000.0,,-18697000000.0,,,17581000000.0,,,57000000.0,,,130000000.0,,-16000000.0,1682000000.0,,,,,128000000.0,,,,93000000.0,,,1598000000.0,,13828000000.0,,,,2048000000.0,-606000000.0,,-1513000000.0,987000000.0,36278000000.0,,,,12628000000.0,7511000000.0,,13166000000.0,1666000000.0,,,,,35238000000.0,22610000000.0,,,11092000000.0,1589000000.0,,,-558000000.0,1320000000.0,815000000.0,,5418000000.0,,0.0,765000000.0,,1.09,19858000000.0,,,,,,,,1072000000.0,,6647000000.0,,1072000000.0,,2066000000.0,,4133000000.0,-1047000000.0,,1072000000.0,,2394000000.0,,,,16000000.0,,,4133000000.0,1310000000.0,,,84000000.0,5453000000.0,,,,-1524000000.0,-493000000.0,,,,447000000.0,,,27369000000.0,2110000000.0,622000000.0,,,,,-1000000.0,,1442000000.0,,,,,,,,,,,,,,,,,,,,,,,,,,,,,,,,,,,,
1325289600,,1152000000.0,,348000000.0,-657000000.0,,12284000000.0,3370000000.0,,36541000000.0,-492000000.0,-834000000.0,3804000000.0,241000000.0,,1189000000.0,9801000000.0,,2300000000.0,27575000000.0,316000000.0,-191000000.0,8464000000.0,44000000.0,-3103000000.0,10000000.0,4133000000.0,,-2005000000.0,,-336000000.0,2624000000.0,7035000000.0,1557000000.0,-14000000.0,1972000000.0,435000000.0,,-11000000.0,33000000.0,-18920000000.0,524000000.0,,17621000000.0,10000000.0,13507000000.0,70000000.0,1152000000.0,29000000.0,122000000.0,22417000000.0,7000000.0,1796000000.0,39598000000.0,-395000000.0,,1900000000.0,-95000000.0,27593000000.0,-18920000000.0,5068000000.0,-526000000.0,,33518000000.0,1249000000.0,224000000.0,10128000000.0,,,,1711000000.0,-448000000.0,3804000000.0,-2378000000.0,,36541000000.0,,3.88,,12284000000.0,6514000000.0,,14166000000.0,1337000000.0,34701000000.0,3804000000.0,,2101000000.0,34701000000.0,22417000000.0,11095000000.0,-1997000000.0,11095000000.0,1557000000.0,991000000.0,6246000000.0,-1099000000.0,1241000000.0,773000000.0,,6246000000.0,5776000000.0,4365000000.0,2624000000.0,4674000000.0,,21079000000.0,290000000.0,7035000000.0,6080000000.0,,53105000000.0,-4903000000.0,3.84,814000000.0,-2537000000.0,3852000000.0,10128000000.0,814000000.0,1782000000.0,2101000000.0,-4862000000.0,3034000000.0,-421000000.0,3034000000.0,814000000.0,981000000.0,1900000000.0,,,,8000000.0,7073000000.0,21079000000.0,3034000000.0,33000000.0,249000000.0,,96000000.0,4275000000.0,2300000000.0,,6514000000.0,-1073000000.0,-497000000.0,1241000000.0,,585000000.0,451000000.0,,,27593000000.0,2110000000.0,585000000.0,2110000000.0,17621000000.0,7906000000.0,-3103000000.0,-157000000.0,773000000.0,1263000000.0,-2665000000.0,3034000000.0,-257000000.0,4275000000.0,,,,,,,,,,,,,,,,,,,,,,,,,,,,,,,,
1333152000,,1121000000.0,,,,,,,,,-547000000.0,585000000.0,,,1.01,1486000000.0,13136000000.0,962000000.0,2000000000.0,,-276000000.0,,11567000000.0,,-3020000000.0,10000000.0,3034000000.0,,,,,,7423000000.0,,-76000000.0,,511000000.0,,0.0,,-19271000000.0,,,17614000000.0,,,131000000.0,,,162000000.0,,-12000000.0,1575000000.0,,,,,-92000000.0,,,,695000000.0,,,1481000000.0,,10433000000.0,,,,2280000000.0,-428000000.0,,51000000.0,972000000.0,36885000000.0,,,,13473000000.0,7543000000.0,567000000.0,13136000000.0,1569000000.0,,,,,35963000000.0,22490000000.0,,,11079000000.0,1404000000.0,,,2099000000.0,947000000.0,2507000000.0,,5637000000.0,,0.0,772000000.0,,1.0,20921000000.0,,,,,,,,970000000.0,,6835000000.0,,970000000.0,,2177000000.0,,5133000000.0,-259000000.0,,970000000.0,,1870000000.0,,,,6000000.0,,,5133000000.0,919000000.0,,,94000000.0,6080000000.0,,,,-1160000000.0,-534000000.0,,,,459000000.0,,,28464000000.0,2065000000.0,634000000.0,,,,,112000000.0,,1852000000.0,,,,,,,,,,,,,,,,,,,,,,,,,,,,,,,,,,,,
1341014400,,1246000000.0,,,,,,,,,-338000000.0,-95000000.0,,,1.16,1160000000.0,13349000000.0,962000000.0,2046000000.0,,113000000.0,,11559000000.0,,-3192000000.0,10000000.0,5133000000.0,,,,,,7645000000.0,,80000000.0,,588000000.0,,-8000000.0,,-19505000000.0,,,17597000000.0,,,63000000.0,,,133000000.0,,26000000.0,1796000000.0,,,,,-56000000.0,,,,-148000000.0,,,1704000000.0,,10827000000.0,,,,1570000000.0,-521000000.0,,107000000.0,971000000.0,37102000000.0,,,,14702000000.0,8400000000.0,390000000.0,13349000000.0,1790000000.0,,,,,37177000000.0,22475000000.0,,,11112000000.0,1494000000.0,,,1585000000.0,604000000.0,2737000000.0,,5541000000.0,,0.0,779000000.0,,1.15,21052000000.0,,,,,,,,1116000000.0,,6747000000.0,,1116000000.0,,2147000000.0,,6718000000.0,-48000000.0,,1116000000.0,,1778000000.0,,,,6000000.0,,,6718000000.0,1911000000.0,,,92000000.0,7322000000.0,,,,-780000000.0,-534000000.0,,,,459000000.0,,,29452000000.0,2111000000.0,620000000.0,,,,,-68000000.0,,1049000000.0,,,,,,,,,,,,,,,,,,,,,,,,,,,,,,,,,,,,
1348963200,,1214000000.0,,,,,,,,,-517000000.0,-22000000.0,,,0.49,311000000.0,13071000000.0,961000000.0,1863000000.0,,-116000000.0,,12305000000.0,,-2929000000.0,10000000.0,6718000000.0,,,,,,7529000000.0,,30000000.0,,205000000.0,,0.0,,-19859000000.0,,,17829000000.0,,,59000000.0,,,126000000.0,,43000000.0,772000000.0,,,,,478000000.0,,,,-196000000.0,,,674000000.0,,10448000000.0,,,,1253000000.0,-654000000.0,,909000000.0,970000000.0,37688000000.0,,,,16344000000.0,10289000000.0,391000000.0,13071000000.0,766000000.0,,,,,39064000000.0,22720000000.0,,,11148000000.0,1480000000.0,,,1712000000.0,586000000.0,3468000000.0,,5545000000.0,,0.0,857000000.0,,0.48,21161000000.0,,,,,,,,469000000.0,,7577000000.0,,469000000.0,,2170000000.0,,8430000000.0,-600000000.0,,469000000.0,,1332000000.0,,,,6000000.0,,,8430000000.0,3859000000.0,,,98000000.0,9016000000.0,,,,-316000000.0,-532000000.0,,,,464000000.0,,,31450000000.0,2107000000.0,614000000.0,,,,,-36000000.0,,599000000.0,,,,,,,,,,,,,,,,,,,,,,,,,,,,,,,,,,,,
1356912000,,580000000.0,,393000000.0,-124000000.0,,15591000000.0,3034000000.0,,38041000000.0,-219000000.0,-592000000.0,807000000.0,-1199000000.0,-1.83,28000000.0,2628000000.0,956000000.0,2278000000.0,33102000000.0,221000000.0,-16000000.0,5410000000.0,24000000.0,-3354000000.0,10000000.0,8430000000.0,,-2153000000.0,,4293000000.0,1927000000.0,4653000000.0,1641000000.0,161000000.0,167000000.0,-1137000000.0,393000000.0,-8000000.0,1750000000.0,-20147000000.0,547000000.0,,17894000000.0,10000000.0,33102000000.0,48000000.0,580000000.0,-1024000000.0,126000000.0,23272000000.0,-1081000000.0,-2776000000.0,21025000000.0,-96000000.0,,48000000.0,-1529000000.0,34130000000.0,-20147000000.0,5063000000.0,-219000000.0,,19682000000.0,-2885000000.0,132000000.0,7997000000.0,,,,2113000000.0,-550000000.0,807000000.0,-2884000000.0,956000000.0,38041000000.0,,0.84,,15591000000.0,8390000000.0,,14571000000.0,-2782000000.0,38863000000.0,807000000.0,,2173000000.0,38863000000.0,23272000000.0,10680000000.0,-2130000000.0,10680000000.0,1641000000.0,969000000.0,6111000000.0,-1103000000.0,597000000.0,1555000000.0,,6111000000.0,974000000.0,11943000000.0,1927000000.0,2985000000.0,-1.83,25740000000.0,301000000.0,4653000000.0,1343000000.0,,54127000000.0,-2357000000.0,0.83,-1748000000.0,-1335000000.0,11943000000.0,7997000000.0,-1748000000.0,1858000000.0,2173000000.0,-1817000000.0,7327000000.0,-428000000.0,7327000000.0,-1748000000.0,960000000.0,48000000.0,,,393000000.0,6000000.0,7216000000.0,25740000000.0,7327000000.0,1750000000.0,-58000000.0,,109000000.0,7924000000.0,2278000000.0,,8390000000.0,-101000000.0,-530000000.0,597000000.0,,603000000.0,476000000.0,,,34130000000.0,1383000000.0,603000000.0,1383000000.0,17894000000.0,1367000000.0,-3354000000.0,-104000000.0,1555000000.0,1563000000.0,-1621000000.0,7327000000.0,195000000.0,7924000000.0,,,,,,,,,,,,,,,,,,,,,,,,,,,,,,,,
1364688000,,950000000.0,,,,,,,,,-1025000000.0,421000000.0,,,1.09,101000000.0,6466000000.0,952000000.0,1956000000.0,,-281000000.0,,4886000000.0,,-3595000000.0,9000000.0,7327000000.0,,,,,,4028000000.0,,88000000.0,,452000000.0,,-1751000000.0,,-20419000000.0,,,17888000000.0,,,181000000.0,,,157000000.0,,-82000000.0,1585000000.0,,,,,-181000000.0,,,,296000000.0,0.0,,1489000000.0,,7614000000.0,,,,1758000000.0,-453000000.0,,-1846000000.0,960000000.0,38307000000.0,,,,14481000000.0,8034000000.0,589000000.0,13434000000.0,1580000000.0,,,,,38005000000.0,23524000000.0,,,11051000000.0,1209000000.0,,,-871000000.0,876000000.0,1672000000.0,,5617000000.0,,6968000000.0,1903000000.0,,1.08,25928000000.0,,,,0.0,,,,1037000000.0,,6968000000.0,,1037000000.0,,2151000000.0,,6456000000.0,-753000000.0,,1037000000.0,,,,,,5000000.0,,,6456000000.0,1615000000.0,,,96000000.0,7332000000.0,,,,-501000000.0,-572000000.0,,,,474000000.0,,,33962000000.0,1469000000.0,654000000.0,,,,,-252000000.0,,1305000000.0,,,,,,,,,,,,,,,,,,,,,,,,,,,,,,,,,,,,
1372550400,,1032000000.0,,,,,,,,,-842000000.0,121000000.0,,,1.14,616000000.0,6526000000.0,943000000.0,2008000000.0,,72000000.0,,4784000000.0,,-3577000000.0,9000000.0,6456000000.0,,,,,,3617000000.0,,-77000000.0,,576000000.0,,-110000000.0,,-20619000000.0,,,17880000000.0,,,112000000.0,,,131000000.0,,-98000000.0,1745000000.0,,,,,-147000000.0,,,,-161000000.0,0.0,,1647000000.0,,7185000000.0,,,,1673000000.0,-537000000.0,,-2195000000.0,952000000.0,38499000000.0,,,,13226000000.0,7183000000.0,221000000.0,13507000000.0,1742000000.0,,,,,36703000000.0,23477000000.0,,,10837000000.0,1261000000.0,,,-1648000000.0,1384000000.0,1629000000.0,,5438000000.0,,6981000000.0,1858000000.0,,1.13,25890000000.0,,,,0.0,,,,1071000000.0,,6981000000.0,,1071000000.0,,2149000000.0,,4808000000.0,-1100000000.0,,1071000000.0,,,,,,3000000.0,,,4808000000.0,1086000000.0,,,98000000.0,6192000000.0,,,,-1114000000.0,-568000000.0,,,,466000000.0,,,33073000000.0,1476000000.0,678000000.0,,,,,-359000000.0,,1136000000.0,,,,,,,,,,,,,,,,,,,,,,,,,,,,,,,,,,,,
1380499200,,930000000.0,,,,,,,,,-999000000.0,-125000000.0,,,1.17,776000000.0,6560000000.0,935000000.0,1817000000.0,,-220000000.0,,4756000000.0,,-3469000000.0,9000000.0,4808000000.0,,,,,,3642000000.0,,43000000.0,,617000000.0,,0.0,,-20954000000.0,,,17992000000.0,,,75000000.0,,,118000000.0,,-61000000.0,1806000000.0,,,,,-67000000.0,,,,-169000000.0,-20000000.0,,1714000000.0,,7102000000.0,,,,1629000000.0,-615000000.0,,-675000000.0,944000000.0,38946000000.0,,,,13758000000.0,7821000000.0,237000000.0,13521000000.0,1804000000.0,,,,,37476000000.0,23718000000.0,,,10897000000.0,1303000000.0,,,374000000.0,1467000000.0,1534000000.0,,5592000000.0,,6961000000.0,2035000000.0,,1.16,26000000000.0,,,,0.0,,,,1097000000.0,,6961000000.0,,1097000000.0,,2180000000.0,,5182000000.0,-610000000.0,,1097000000.0,,,,,,2000000.0,,,5182000000.0,1703000000.0,,,92000000.0,6649000000.0,,,,-860000000.0,-562000000.0,,,,460000000.0,,,33821000000.0,1465000000.0,771000000.0,,,,,203000000.0,,1014000000.0,,,,,,,,,,,,,,,,,,,,,,,,,,,,,,,,,,,,
1388448000,,553000000.0,,380000000.0,-515000000.0,,13387000000.0,7327000000.0,,39151000000.0,-972000000.0,-932000000.0,4372000000.0,-246000000.0,1.26,1464000000.0,7329000000.0,928000000.0,2478000000.0,28557000000.0,647000000.0,-1875000000.0,5421000000.0,20000000.0,-460000000.0,9000000.0,5182000000.0,,-2065000000.0,,-2662000000.0,2325000000.0,6474000000.0,1561000000.0,-194000000.0,2302000000.0,657000000.0,403000000.0,-14000000.0,9000000.0,-21190000000.0,513000000.0,,17961000000.0,9000000.0,28557000000.0,123000000.0,553000000.0,-352000000.0,107000000.0,22825000000.0,-111000000.0,1918000000.0,26881000000.0,-425000000.0,,1244000000.0,149000000.0,29724000000.0,-21190000000.0,5239000000.0,0.0,-2000000.0,19847000000.0,1824000000.0,-34000000.0,6925000000.0,,-22000000.0,,2244000000.0,-460000000.0,4372000000.0,-3091000000.0,937000000.0,39151000000.0,,4.65,,13387000000.0,7131000000.0,,14976000000.0,1908000000.0,36212000000.0,4372000000.0,,2190000000.0,36212000000.0,22825000000.0,10390000000.0,-2260000000.0,10390000000.0,1561000000.0,948000000.0,6502000000.0,-517000000.0,580000000.0,1415000000.0,,6502000000.0,6674000000.0,7647000000.0,2325000000.0,2957000000.0,1.25,22593000000.0,491000000.0,6474000000.0,7034000000.0,0.0,55438000000.0,-2948000000.0,4.61,1167000000.0,-2114000000.0,7647000000.0,6925000000.0,1167000000.0,1867000000.0,2190000000.0,-7807000000.0,4665000000.0,349000000.0,4665000000.0,1167000000.0,940000000.0,1244000000.0,,,403000000.0,10000000.0,7304000000.0,22593000000.0,4665000000.0,9000000.0,218000000.0,,94000000.0,5245000000.0,2478000000.0,,7131000000.0,-473000000.0,-558000000.0,580000000.0,,775000000.0,467000000.0,0.0,,29724000000.0,1466000000.0,775000000.0,1466000000.0,17961000000.0,7054000000.0,-460000000.0,-17000000.0,1415000000.0,1784000000.0,-3838000000.0,4665000000.0,-140000000.0,5245000000.0,,,,,,,,,,,,,,,,,,,,,,,,,,,,,,,,
1396224000,,1096000000.0,,,,,,,,,-670000000.0,659000000.0,,,0.99,91000000.0,6514000000.0,923000000.0,2126000000.0,,-358000000.0,,5001000000.0,,-489000000.0,9000000.0,4665000000.0,,,,,,6247000000.0,,-9000000.0,,512000000.0,,-8000000.0,,-21524000000.0,,,17769000000.0,,,76000000.0,,,164000000.0,,-31000000.0,1513000000.0,,,,,-60000000.0,,,,562000000.0,-22000000.0,,1423000000.0,,6727000000.0,,,,2267000000.0,-322000000.0,,-120000000.0,931000000.0,39293000000.0,,,,14620000000.0,9193000000.0,496000000.0,13779000000.0,1513000000.0,,,,,37085000000.0,22465000000.0,,,9860000000.0,1294000000.0,,,1281000000.0,1089000000.0,1389000000.0,,5804000000.0,,7265000000.0,2335000000.0,,0.98,21630000000.0,,,,0.0,,,,911000000.0,,7265000000.0,,911000000.0,,2208000000.0,,5946000000.0,-845000000.0,,911000000.0,,1177000000.0,,,,-5001000000.0,,,5946000000.0,2222000000.0,,,90000000.0,7035000000.0,,,,-587000000.0,-596000000.0,,,,468000000.0,,,30823000000.0,1387000000.0,796000000.0,,,,,-105000000.0,,1945000000.0,,,,,,,,,,,,,,,,,,,,,,,,,,,,,,,,,,,,
1404086400,,1259000000.0,,,,,,,,,-709000000.0,-74000000.0,,,0.49,763000000.0,5893000000.0,918000000.0,2106000000.0,,1000000.0,,5146000000.0,,-596000000.0,9000000.0,5946000000.0,,,,,,5568000000.0,,-9000000.0,,229000000.0,,-1012000000.0,,-21875000000.0,,,17787000000.0,,,73000000.0,,,142000000.0,,-77000000.0,772000000.0,,,,,-132000000.0,,,,-637000000.0,0.0,,683000000.0,,6155000000.0,,,,-435000000.0,-491000000.0,,-1512000000.0,927000000.0,39662000000.0,,,,12341000000.0,8337000000.0,,14268000000.0,747000000.0,,,,,34861000000.0,22520000000.0,,,9940000000.0,1609000000.0,,,-2890000000.0,1543000000.0,1386000000.0,,5845000000.0,,8375000000.0,2060000000.0,,0.49,20939000000.0,,,,0.0,,,,454000000.0,,8375000000.0,,454000000.0,,2202000000.0,,3056000000.0,-957000000.0,,454000000.0,,933000000.0,,,,25000000.0,,,3056000000.0,1902000000.0,,,89000000.0,4599000000.0,,,,-1226000000.0,-596000000.0,,,,473000000.0,,,29276000000.0,1359000000.0,830000000.0,,,,,55000000.0,,-926000000.0,,,,,,,,,,,,,,,,,,,,,,,,,,,,,,,,,,,,
1412035200,,1334000000.0,,,,,,,,,-683000000.0,-137000000.0,,,1.33,1002000000.0,7073000000.0,913000000.0,2112000000.0,,-43000000.0,,5119000000.0,,-611000000.0,9000000.0,3056000000.0,,,,,,5627000000.0,,12000000.0,,655000000.0,,-1000000.0,,-22100000000.0,,,17843000000.0,,,54000000.0,,,124000000.0,,-66000000.0,1956000000.0,,,,,259000000.0,,,,274000000.0,0.0,,1869000000.0,,6229000000.0,,,,2359000000.0,-631000000.0,,-781000000.0,922000000.0,39943000000.0,,,,13318000000.0,9096000000.0,,14290000000.0,1954000000.0,,,,,35906000000.0,22588000000.0,,,9858000000.0,1846000000.0,,,1148000000.0,1367000000.0,1351000000.0,,5822000000.0,,7217000000.0,2178000000.0,,1.32,21166000000.0,,,,0.0,,,,1214000000.0,,7217000000.0,,1214000000.0,,2154000000.0,,4204000000.0,-337000000.0,,1214000000.0,,1276000000.0,,,,2000000.0,,,4204000000.0,2393000000.0,,,87000000.0,5571000000.0,,,,-738000000.0,-588000000.0,,,,485000000.0,,,30262000000.0,1322000000.0,828000000.0,,,,,-55000000.0,,1728000000.0,,,,,,,,,,,,,,,,,,,,,,,,,,,,,,,,,,,,
1419984000,,930000000.0,,353000000.0,-523000000.0,,11808000000.0,4665000000.0,,40620000000.0,-633000000.0,-971000000.0,3032000000.0,385000000.0,0.5,1250000000.0,6707000000.0,908000000.0,2754000000.0,32045000000.0,676000000.0,-1694000000.0,5953000000.0,22000000.0,-3594000000.0,9000000.0,4204000000.0,,-2328000000.0,,-2374000000.0,2373000000.0,2141000000.0,1933000000.0,-13000000.0,1605000000.0,209000000.0,344000000.0,-673000000.0,876000000.0,-22339000000.0,536000000.0,,18281000000.0,9000000.0,32045000000.0,71000000.0,930000000.0,-1224000000.0,106000000.0,23663000000.0,-1050000000.0,749000000.0,26187000000.0,-205000000.0,,83000000.0,318000000.0,33313000000.0,-22339000000.0,3398000000.0,89000000.0,-66000000.0,21219000000.0,662000000.0,288000000.0,5726000000.0,,-88000000.0,,1535000000.0,-884000000.0,3032000000.0,-2748000000.0,917000000.0,40620000000.0,,3.31,,11808000000.0,8639000000.0,,15895000000.0,754000000.0,35471000000.0,3032000000.0,,2184000000.0,35471000000.0,23663000000.0,9406000000.0,-2366000000.0,9406000000.0,1933000000.0,924000000.0,6661000000.0,-1913000000.0,992000000.0,1359000000.0,,6661000000.0,4637000000.0,9188000000.0,2373000000.0,3106000000.0,0.49,24674000000.0,274000000.0,2141000000.0,4968000000.0,0.0,58232000000.0,-3525000000.0,3.28,453000000.0,-2801000000.0,9188000000.0,5726000000.0,453000000.0,1923000000.0,2184000000.0,-5161000000.0,2291000000.0,-662000000.0,2291000000.0,453000000.0,916000000.0,83000000.0,,,344000000.0,-5000000.0,5726000000.0,24674000000.0,2291000000.0,876000000.0,276000000.0,,87000000.0,3283000000.0,2754000000.0,,8639000000.0,-974000000.0,-586000000.0,992000000.0,,847000000.0,497000000.0,0.0,,33313000000.0,1184000000.0,847000000.0,1184000000.0,18281000000.0,4990000000.0,-3594000000.0,-100000000.0,1359000000.0,651000000.0,-2695000000.0,2291000000.0,-19000000.0,3283000000.0,,,,,,,,,,,,,,,,,,,,,,,,,,,,,,,,
1427760000,,1363000000.0,,,,,,,,,-676000000.0,763000000.0,,,1.13,943000000.0,6413000000.0,906000000.0,2055000000.0,,-571000000.0,,4740000000.0,,-3688000000.0,9000000.0,2291000000.0,,,,,,1829000000.0,,-18000000.0,,564000000.0,,-685000000.0,,-22567000000.0,,,17901000000.0,,,72000000.0,,,194000000.0,,-53000000.0,1677000000.0,,,,,-49000000.0,,,,892000000.0,-10000000.0,,1590000000.0,,5508000000.0,,,,2751000000.0,-365000000.0,,899000000.0,913000000.0,40468000000.0,,,,13915000000.0,10610000000.0,451000000.0,13977000000.0,1673000000.0,,,,,37332000000.0,23417000000.0,,,9941000000.0,2163000000.0,,,2191000000.0,1935000000.0,1367000000.0,,5724000000.0,,7564000000.0,2142000000.0,,1.12,24875000000.0,,,,464000000.0,,,,1026000000.0,,7564000000.0,,1026000000.0,,2140000000.0,,4482000000.0,-1357000000.0,,1026000000.0,,49000000.0,,,,4000000.0,,,4482000000.0,3163000000.0,,,87000000.0,6417000000.0,,,,-1909000000.0,-636000000.0,,,,506000000.0,,,35485000000.0,1157000000.0,844000000.0,,,,,-205000000.0,,2386000000.0,,,,,,,,,,,,,,,,,,,,,,,,,,,,,,,,,,,,
1435622400,,1374000000.0,,,,,,,,,-672000000.0,117000000.0,,,1.37,1897000000.0,6593000000.0,901000000.0,2150000000.0,,13000000.0,,4633000000.0,,-3727000000.0,9000000.0,4482000000.0,,,,,,1950000000.0,,-5000000.0,,648000000.0,,-803000000.0,,-22975000000.0,,,17970000000.0,,,68000000.0,,,134000000.0,,-92000000.0,1964000000.0,,,,,-91000000.0,,,,-434000000.0,-80000000.0,,1878000000.0,,5668000000.0,,,,1488000000.0,-593000000.0,,-1151000000.0,908000000.0,40945000000.0,,,,13768000000.0,10303000000.0,,14095000000.0,1960000000.0,,,,,37251000000.0,23483000000.0,,,9900000000.0,2132000000.0,,,-1052000000.0,2792000000.0,1339000000.0,,5618000000.0,,7502000000.0,2148000000.0,,1.35,24980000000.0,,,,0.0,,,,1230000000.0,,7502000000.0,,1230000000.0,,2214000000.0,,3430000000.0,-1419000000.0,,1230000000.0,,,,,,4000000.0,,,3430000000.0,3252000000.0,,,86000000.0,6222000000.0,,,,-2644000000.0,-634000000.0,,,,510000000.0,,,35283000000.0,1165000000.0,878000000.0,,,,,28000000.0,,895000000.0,,,,,,,,,,,,,,,,,,,,,,,,,,,,,,,,,,,,
1443571200,,1283000000.0,,,,,,,,,-680000000.0,-142000000.0,,,1.4,1981000000.0,6779000000.0,895000000.0,2058000000.0,,-187000000.0,,4795000000.0,,-3851000000.0,9000000.0,3430000000.0,,,,,,1929000000.0,,-124000000.0,,648000000.0,,-211000000.0,,-23273000000.0,,,18163000000.0,,,54000000.0,,,124000000.0,,-53000000.0,1988000000.0,,,,,-58000000.0,,,,265000000.0,-1835000000.0,,1905000000.0,,5771000000.0,,,,2176000000.0,-690000000.0,,92000000.0,903000000.0,41436000000.0,,,,13581000000.0,11869000000.0,,14237000000.0,1984000000.0,,,,,39002000000.0,25421000000.0,,,10044000000.0,2343000000.0,,,11000000.0,2248000000.0,1245000000.0,,6055000000.0,,7458000000.0,2317000000.0,,1.39,25185000000.0,,,,483000000.0,,,,1257000000.0,,7458000000.0,,1257000000.0,,3442000000.0,,3441000000.0,-2183000000.0,,1257000000.0,,77000000.0,,,,4000000.0,,,3441000000.0,4557000000.0,,,83000000.0,5689000000.0,,,,-1521000000.0,-629000000.0,,,,527000000.0,,,37054000000.0,1182000000.0,1523000000.0,,,,,-24000000.0,,1486000000.0,,,,,,,,,,,,,,,,,,,,,,,,,,,,,,,,,,,,
1451520000,,1040000000.0,,341000000.0,-452000000.0,,13208000000.0,2291000000.0,,41918000000.0,-674000000.0,-1190000000.0,4844000000.0,540000000.0,1.49,1567000000.0,7550000000.0,893000000.0,2587000000.0,31028000000.0,598000000.0,-2724000000.0,5499000000.0,15000000.0,-3540000000.0,9000000.0,3441000000.0,,-2379000000.0,,439000000.0,2253000000.0,2470000000.0,2181000000.0,122000000.0,2498000000.0,638000000.0,308000000.0,-1025000000.0,2972000000.0,-23566000000.0,574000000.0,,18352000000.0,9000000.0,31028000000.0,55000000.0,1040000000.0,-1282000000.0,122000000.0,25103000000.0,-1084000000.0,2054000000.0,27335000000.0,-175000000.0,,115000000.0,738000000.0,35820000000.0,-23566000000.0,5051000000.0,-977000000.0,21000000.0,19667000000.0,1969000000.0,-254000000.0,6001000000.0,,-1904000000.0,,1015000000.0,-731000000.0,4844000000.0,-1405000000.0,898000000.0,41918000000.0,,5.38,,13208000000.0,10696000000.0,,16054000000.0,2051000000.0,38311000000.0,4844000000.0,,3419000000.0,38311000000.0,25103000000.0,10887000000.0,-2525000000.0,10887000000.0,2181000000.0,906000000.0,7134000000.0,-711000000.0,1996000000.0,1224000000.0,,7134000000.0,7342000000.0,8504000000.0,2253000000.0,6388000000.0,1.48,25124000000.0,249000000.0,2470000000.0,7668000000.0,473000000.0,58363000000.0,-7415000000.0,5.35,1331000000.0,-5309000000.0,8504000000.0,6001000000.0,1331000000.0,2084000000.0,3419000000.0,-1565000000.0,2730000000.0,-350000000.0,2730000000.0,1331000000.0,901000000.0,115000000.0,,,308000000.0,3000000.0,7430000000.0,25124000000.0,2730000000.0,2972000000.0,-147000000.0,,85000000.0,4726000000.0,2587000000.0,,10696000000.0,-1341000000.0,-626000000.0,1996000000.0,,1549000000.0,541000000.0,473000000.0,,35820000000.0,1528000000.0,1549000000.0,1528000000.0,18352000000.0,7683000000.0,-3540000000.0,26000000.0,1224000000.0,284000000.0,-2702000000.0,2730000000.0,-25000000.0,4726000000.0,,,,,,,,,,,,,,,,,,,,,,,,,,,,,,,,
1459382400,,1404000000.0,,,,,,,,,-640000000.0,1082000000.0,,,1.27,974000000.0,6565000000.0,889000000.0,2040000000.0,,-571000000.0,,4742000000.0,,-3647000000.0,9000000.0,2730000000.0,,,,,,2457000000.0,,-53000000.0,,616000000.0,,-223000000.0,,-24021000000.0,,,18285000000.0,,,83000000.0,,,215000000.0,,-35000000.0,1840000000.0,,,,,5000000.0,,,,674000000.0,-6000000.0,,1747000000.0,,6095000000.0,,,,2670000000.0,-427000000.0,,-440000000.0,894000000.0,42306000000.0,,,,13912000000.0,11098000000.0,538000000.0,14418000000.0,1823000000.0,,,,,39168000000.0,25256000000.0,,,11569000000.0,1857000000.0,,,1157000000.0,2380000000.0,1300000000.0,,6241000000.0,,7853000000.0,2131000000.0,,1.27,25590000000.0,,,,484000000.0,,,,1131000000.0,,7853000000.0,,1131000000.0,,3440000000.0,,3887000000.0,-1108000000.0,,1131000000.0,,104000000.0,,,,17000000.0,,,3887000000.0,3869000000.0,,,93000000.0,6267000000.0,,,,-1599000000.0,-666000000.0,,,,552000000.0,,,36688000000.0,1634000000.0,1569000000.0,,,,,-36000000.0,,2243000000.0,,,,,,,,,,,,,,,,,,,,,,,,,,,,,,,,,,,,
1467244800,,1340000000.0,,,,,,,,,-689000000.0,-28000000.0,,,1.43,1366000000.0,3133000000.0,886000000.0,2405000000.0,,261000000.0,,1095000000.0,,-3606000000.0,9000000.0,3887000000.0,,,,,,2626000000.0,,5000000.0,,683000000.0,,-911000000.0,,-24349000000.0,,,18251000000.0,,,64000000.0,,,131000000.0,,-46000000.0,2601000000.0,,,,,-36000000.0,,,,-129000000.0,3000000.0,,1952000000.0,,6223000000.0,,,,2023000000.0,-536000000.0,,-2144000000.0,890000000.0,42600000000.0,,,,13123000000.0,9961000000.0,133000000.0,14629000000.0,2038000000.0,,,,,38339000000.0,25216000000.0,,,11550000000.0,1247000000.0,,,-828000000.0,2613000000.0,1266000000.0,,6111000000.0,,11496000000.0,2149000000.0,,1.43,25728000000.0,,,,485000000.0,,,,1269000000.0,,7738000000.0,,1269000000.0,,3427000000.0,,3059000000.0,-686000000.0,,1269000000.0,,72000000.0,,,,8000000.0,,,3059000000.0,2816000000.0,,,94000000.0,5672000000.0,,,,-1532000000.0,-661000000.0,,,,555000000.0,,,35689000000.0,1678000000.0,1550000000.0,,,,,-14000000.0,,1487000000.0,,,,,,,,,,,,,,,,,,,,,,,,,,,,,,,,,,,,
1475193600,,1223000000.0,,,,,,,,,-678000000.0,-272000000.0,,,1.44,1698000000.0,7071000000.0,880000000.0,2287000000.0,,34000000.0,,5037000000.0,,-3651000000.0,9000000.0,3059000000.0,,,,,,2743000000.0,,-3000000.0,,683000000.0,,-1189000000.0,,-24696000000.0,,,18489000000.0,,,49000000.0,,,125000000.0,,-1240000000.0,2047000000.0,,,,,-119000000.0,,,,-114000000.0,0.0,,1953000000.0,,6385000000.0,,,,670000000.0,-874000000.0,,-197000000.0,885000000.0,43185000000.0,,,,12853000000.0,10889000000.0,164000000.0,14928000000.0,2034000000.0,,,,,38342000000.0,25489000000.0,,,11506000000.0,1102000000.0,,,240000000.0,2059000000.0,1262000000.0,,6272000000.0,,7857000000.0,2270000000.0,,1.44,24686000000.0,,,,485000000.0,,,,1270000000.0,,7857000000.0,,1270000000.0,,3436000000.0,,3299000000.0,-233000000.0,,1270000000.0,,72000000.0,,,,13000000.0,,,3299000000.0,3820000000.0,,,94000000.0,5358000000.0,,,,-1119000000.0,-660000000.0,,,,554000000.0,,,35575000000.0,1571000000.0,1537000000.0,,,,,61000000.0,,-204000000.0,,,,,,,,,,,,,,,,,,,,,,,,,,,,,,,,,,,,
1483142400,,8821000000.0,,381000000.0,-704000000.0,,13388000000.0,2730000000.0,,43674000000.0,-671000000.0,-1486000000.0,3431000000.0,123000000.0,-0.27,1686000000.0,922000000.0,876000000.0,3042000000.0,34770000000.0,737000000.0,-3805000000.0,1350000000.0,50000000.0,-4483000000.0,9000000.0,3299000000.0,,-2965000000.0,,746000000.0,2317000000.0,429000000.0,1422000000.0,1000000.0,1705000000.0,-277000000.0,342000000.0,-1482000000.0,3635000000.0,-24874000000.0,591000000.0,,18800000000.0,9000000.0,50816000000.0,49000000.0,8821000000.0,-2693000000.0,120000000.0,27013000000.0,-1372000000.0,-416000000.0,10090000000.0,-98000000.0,,3029000000.0,273000000.0,39972000000.0,-24874000000.0,6473000000.0,-1140000000.0,-544000000.0,4623000000.0,-516000000.0,-709000000.0,4879000000.0,,-547000000.0,,1110000000.0,-1128000000.0,3431000000.0,-359000000.0,876000000.0,43674000000.0,,3.89,,13388000000.0,11855000000.0,,16931000000.0,-428000000.0,40401000000.0,3431000000.0,,3757000000.0,40401000000.0,27013000000.0,12394000000.0,-2643000000.0,12394000000.0,1422000000.0,887000000.0,7695000000.0,177000000.0,1091000000.0,1224000000.0,,7695000000.0,5136000000.0,16009000000.0,2317000000.0,5724000000.0,-0.27,28117000000.0,245000000.0,429000000.0,5467000000.0,476000000.0,60906000000.0,-4816000000.0,3.87,-239000000.0,-2566000000.0,11322000000.0,4879000000.0,-239000000.0,2224000000.0,3757000000.0,-3140000000.0,3476000000.0,-539000000.0,3476000000.0,-239000000.0,883000000.0,3029000000.0,,,342000000.0,12000000.0,6473000000.0,28117000000.0,3476000000.0,3635000000.0,461000000.0,,100000000.0,4567000000.0,3042000000.0,,11855000000.0,-566000000.0,-656000000.0,1091000000.0,,1758000000.0,563000000.0,476000000.0,,39972000000.0,8213000000.0,1758000000.0,8213000000.0,18800000000.0,5517000000.0,-4483000000.0,-109000000.0,1224000000.0,-18000000.0,-2678000000.0,3476000000.0,-50000000.0,4567000000.0,,,,,,,,,,,,,,,,,,,,,,,,,,,,,,,,
1490918400,,7776000000.0,,,,,,,,,-438000000.0,1134000000.0,,,1.32,556000000.0,2954000000.0,874000000.0,2404000000.0,,-675000000.0,,1170000000.0,,-4462000000.0,9000000.0,3476000000.0,,,,,,560000000.0,,-5000000.0,,539000000.0,,-503000000.0,,-25284000000.0,,,19225000000.0,,,74000000.0,,,212000000.0,,-2509000000.0,1799000000.0,,,,,94000000.0,,,,549000000.0,-25000000.0,,1697000000.0,,4988000000.0,,,,239000000.0,-938000000.0,,-124000000.0,879000000.0,44509000000.0,,,,11494000000.0,11406000000.0,,15315000000.0,1784000000.0,,,,,38380000000.0,26886000000.0,,,12938000000.0,1166000000.0,,,-789000000.0,1031000000.0,1235000000.0,,6475000000.0,,12361000000.0,2270000000.0,,1.32,26414000000.0,,,,490000000.0,,,,1158000000.0,,8131000000.0,,1158000000.0,,3777000000.0,,2687000000.0,-920000000.0,,1158000000.0,,3083000000.0,,,,15000000.0,,,2687000000.0,4302000000.0,,,102000000.0,3718000000.0,,,,-519000000.0,-695000000.0,,,,554000000.0,,,37820000000.0,7661000000.0,1780000000.0,,,,,-196000000.0,,239000000.0,,,,,,,,,,,,,,,,,,,,,,,,,,,,,,,,,,,,
1498780800,,7790000000.0,,,,,,,,,-460000000.0,4000000.0,,,1.59,555000000.0,3368000000.0,872000000.0,2648000000.0,,141000000.0,,1152000000.0,,-4202000000.0,9000000.0,2687000000.0,,,,,,1274000000.0,,3000000.0,,735000000.0,,-717000000.0,,-25747000000.0,,,19841000000.0,,,58000000.0,,,133000000.0,,-53000000.0,2230000000.0,,,,,81000000.0,,,,21000000.0,-32000000.0,,2119000000.0,,5437000000.0,,,,2382000000.0,-1071000000.0,,-432000000.0,876000000.0,45588000000.0,,,,12394000000.0,11082000000.0,,15750000000.0,2216000000.0,,,,,39724000000.0,27330000000.0,,,14257000000.0,1012000000.0,,,857000000.0,1060000000.0,1289000000.0,,6553000000.0,,12382000000.0,2293000000.0,,1.58,27368000000.0,,,,479000000.0,,,,1384000000.0,,8105000000.0,,1384000000.0,,3845000000.0,,3544000000.0,-1107000000.0,,1384000000.0,,3130000000.0,,,,14000000.0,,,3544000000.0,3817000000.0,,,111000000.0,4604000000.0,,,,-565000000.0,-694000000.0,,,,562000000.0,,,38450000000.0,7489000000.0,1829000000.0,,,,,10000000.0,,2382000000.0,,,,,,,,,,,,,,,,,,,,,,,,,,,,,,,,,,,,
1506729600,,8449000000.0,,,,,,,,,-448000000.0,-320000000.0,,,1.45,471000000.0,3217000000.0,869000000.0,2808000000.0,,123000000.0,,1182000000.0,,-4224000000.0,9000000.0,3544000000.0,,,,,,1539000000.0,,21000000.0,,680000000.0,,-1230000000.0,,-26216000000.0,,,20988000000.0,,,45000000.0,,,118000000.0,,-14000000.0,2055000000.0,,,,,120000000.0,,,,-441000000.0,-4000000.0,,1944000000.0,,5724000000.0,,,,1797000000.0,-1699000000.0,,-358000000.0,874000000.0,47204000000.0,,,,12910000000.0,12167000000.0,,15978000000.0,2035000000.0,,,,,41356000000.0,28446000000.0,,,14355000000.0,1012000000.0,,,-126000000.0,1043000000.0,1405000000.0,,6937000000.0,,12761000000.0,2439000000.0,,1.45,27650000000.0,,,,481000000.0,,,,1264000000.0,,8221000000.0,,1264000000.0,,3838000000.0,,3418000000.0,-1591000000.0,,1264000000.0,,3220000000.0,,,,20000000.0,,,3418000000.0,4555000000.0,,,111000000.0,4461000000.0,,,,-384000000.0,-696000000.0,,,,572000000.0,,,39817000000.0,7458000000.0,1897000000.0,,,,,2000000.0,,1797000000.0,,,,,,,,,,,,,,,,,,,,,,,,,,,,,,,,,,,,
1514678400,,11479000000.0,,453000000.0,-1022000000.0,,15548000000.0,3476000000.0,,48726000000.0,-467000000.0,-1840000000.0,4910000000.0,1230000000.0,1.27,408000000.0,3029000000.0,867000000.0,3872000000.0,34588000000.0,1003000000.0,-3939000000.0,1535000000.0,72000000.0,-4867000000.0,9000000.0,3418000000.0,,-5227000000.0,,-156000000.0,2521000000.0,1030000000.0,922000000.0,-13000000.0,2238000000.0,284000000.0,404000000.0,-1489000000.0,3960000000.0,-26608000000.0,584000000.0,,22118000000.0,9000000.0,53304000000.0,70000000.0,11479000000.0,-7747000000.0,121000000.0,29855000000.0,-5171000000.0,1517000000.0,12568000000.0,-203000000.0,,4326000000.0,935000000.0,44373000000.0,-26608000000.0,1479000000.0,-1589000000.0,-73000000.0,5039000000.0,1388000000.0,-1460000000.0,5858000000.0,,-134000000.0,,-2939000000.0,-1519000000.0,4910000000.0,4201000000.0,872000000.0,48726000000.0,,5.64,,15548000000.0,12708000000.0,,18829000000.0,1494000000.0,45403000000.0,4910000000.0,,3872000000.0,45403000000.0,29855000000.0,20278000000.0,-2771000000.0,20278000000.0,922000000.0,875000000.0,8773000000.0,-98000000.0,749000000.0,1804000000.0,,8773000000.0,7148000000.0,15800000000.0,2521000000.0,1990000000.0,1.27,31665000000.0,247000000.0,1030000000.0,7529000000.0,483000000.0,65872000000.0,-1634000000.0,5.61,1104000000.0,-4975000000.0,10131000000.0,5858000000.0,1104000000.0,2282000000.0,3872000000.0,3287000000.0,3320000000.0,-1357000000.0,3320000000.0,1104000000.0,871000000.0,4326000000.0,,,404000000.0,23000000.0,1479000000.0,31665000000.0,3320000000.0,3960000000.0,592000000.0,,129000000.0,4069000000.0,3872000000.0,,12708000000.0,-166000000.0,-686000000.0,749000000.0,,1964000000.0,594000000.0,483000000.0,,44373000000.0,7737000000.0,1964000000.0,7737000000.0,22118000000.0,7601000000.0,-4867000000.0,-19000000.0,1804000000.0,-2939000000.0,-1813000000.0,3320000000.0,6000000.0,4069000000.0,,,,,,,,,,,,,,,,,,,,,,,,,,,,,,,,
1522454400,,9411000000.0,,,,,,,,,-261000000.0,1201000000.0,,,1.55,246000000.0,8068000000.0,866000000.0,3501000000.0,,-601000000.0,,6548000000.0,,-5638000000.0,9000000.0,3769000000.0,,,,,,1375000000.0,,2000000.0,,316000000.0,,-1656000000.0,,-27070000000.0,,,23239000000.0,,,77000000.0,,,239000000.0,,-42000000.0,1814000000.0,,,,,106000000.0,,,,1609000000.0,,,1661000000.0,,6973000000.0,,,,4067000000.0,-1537000000.0,,-2550000000.0,870000000.0,50309000000.0,,,,13620000000.0,11149000000.0,,17113000000.0,1520000000.0,,,,,44464000000.0,30844000000.0,,,20409000000.0,1064000000.0,,,57000000.0,665000000.0,1912000000.0,,7606000000.0,,9045000000.0,2523000000.0,,1.55,31940000000.0,,,,,,,,1345000000.0,,9045000000.0,,1345000000.0,,3893000000.0,,3826000000.0,-1446000000.0,,1345000000.0,,4478000000.0,,,,294000000.0,,,3544000000.0,2683000000.0,,,153000000.0,4209000000.0,,,,-177000000.0,-754000000.0,,,,596000000.0,,,43089000000.0,7605000000.0,2025000000.0,,,,,-280000000.0,,4067000000.0,,,,,,,,,,,,,,,,,,,,,,,,,,,,,,,,,,,,
1530316800,,8940000000.0,,,,,,,,,-260000000.0,69000000.0,,,1.71,207000000.0,3085000000.0,866000000.0,3785000000.0,,341000000.0,,1312000000.0,,-5346000000.0,9000000.0,3826000000.0,,,,,,2356000000.0,,-13000000.0,,441000000.0,,-358000000.0,,-27299000000.0,,,23901000000.0,,,48000000.0,,,139000000.0,,-36000000.0,2075000000.0,,,,,36000000.0,,,,759000000.0,,,1926000000.0,,7665000000.0,,,,3133000000.0,-1312000000.0,,-1057000000.0,870000000.0,51200000000.0,,,,13874000000.0,12487000000.0,,17456000000.0,1773000000.0,,,,,45223000000.0,31349000000.0,,,19121000000.0,1171000000.0,,,665000000.0,720000000.0,1593000000.0,,7363000000.0,,14371000000.0,2549000000.0,,1.71,30380000000.0,,,,,,,,1485000000.0,,9024000000.0,,1485000000.0,,3837000000.0,,4491000000.0,-1374000000.0,,1485000000.0,,4233000000.0,,,,302000000.0,,,4214000000.0,2591000000.0,,,149000000.0,4934000000.0,,,,-269000000.0,-753000000.0,,,,542000000.0,,,42867000000.0,7448000000.0,2028000000.0,,,,,9000000.0,,3133000000.0,,,,,,,,,,,,,,,,,,,,,,,,,,,,,,,,,,,,
1538265600,,9150000000.0,,,,,,,,,-249000000.0,-174000000.0,,,1.74,159000000.0,3064000000.0,865000000.0,3689000000.0,,-131000000.0,,1337000000.0,,-5288000000.0,9000000.0,4491000000.0,,,,,,3126000000.0,,-19000000.0,,381000000.0,,-108000000.0,,-27667000000.0,,,25379000000.0,,,51000000.0,,,129000000.0,,-41000000.0,2044000000.0,,,,,76000000.0,,,,-129000000.0,,,1889000000.0,,8377000000.0,,,,2222000000.0,-1641000000.0,,-653000000.0,870000000.0,53046000000.0,,,,13991000000.0,12222000000.0,,17444000000.0,1727000000.0,,,,,46689000000.0,32698000000.0,,,20101000000.0,1209000000.0,,,-116000000.0,744000000.0,1515000000.0,,7494000000.0,,14380000000.0,2748000000.0,,1.73,31341000000.0,,,,,,,,1508000000.0,,9015000000.0,,1508000000.0,,3825000000.0,,4375000000.0,-1679000000.0,,1508000000.0,,4228000000.0,,,,317000000.0,,,4097000000.0,3200000000.0,,,155000000.0,4841000000.0,,,,-188000000.0,-753000000.0,,,,524000000.0,,,43563000000.0,7319000000.0,2070000000.0,,,,,12000000.0,,2222000000.0,,,,,,,,,,,,,,,,,,,,,,,,,,,,,,,,,,,,
1546214400,,10696000000.0,,605000000.0,-421000000.0,,15731000000.0,3769000000.0,,54488000000.0,-241000000.0,-1517000000.0,4791000000.0,758000000.0,0.52,274000000.0,3558000000.0,865000000.0,5188000000.0,37235000000.0,1425000000.0,-2887000000.0,1554000000.0,-400000000.0,-4994000000.0,9000000.0,4375000000.0,,-6283000000.0,,598000000.0,3047000000.0,3037000000.0,1522000000.0,35000000.0,1228000000.0,90000000.0,421000000.0,-765000000.0,2665000000.0,-27912000000.0,634000000.0,,26576000000.0,9000000.0,59372000000.0,64000000.0,10696000000.0,-170000000.0,127000000.0,33858000000.0,-51000000.0,691000000.0,12489000000.0,-288000000.0,,4187000000.0,540000000.0,46552000000.0,-27912000000.0,12711000000.0,-197000000.0,,5465000000.0,543000000.0,2042000000.0,8006000000.0,,,,3289000000.0,-1793000000.0,4791000000.0,-1432000000.0,869000000.0,54488000000.0,,5.53,,15731000000.0,14087000000.0,,19848000000.0,2004000000.0,49589000000.0,4791000000.0,,3811000000.0,49589000000.0,33858000000.0,19931000000.0,-3011000000.0,19931000000.0,1522000000.0,870000000.0,8958000000.0,-8000000.0,810000000.0,1424000000.0,,8958000000.0,6019000000.0,16290000000.0,3047000000.0,886000000.0,0.52,32465000000.0,240000000.0,3037000000.0,7024000000.0,,71861000000.0,-973000000.0,5.51,453000000.0,-6330000000.0,10151000000.0,8006000000.0,453000000.0,2207000000.0,3811000000.0,-5692000000.0,4367000000.0,-1831000000.0,4367000000.0,453000000.0,866000000.0,4187000000.0,,,421000000.0,-1313000000.0,12711000000.0,32465000000.0,4225000000.0,2665000000.0,1034000000.0,,148000000.0,5035000000.0,5188000000.0,,14087000000.0,-339000000.0,-751000000.0,810000000.0,,2076000000.0,545000000.0,,,46552000000.0,7282000000.0,2076000000.0,7282000000.0,26576000000.0,6624000000.0,-4994000000.0,-29000000.0,1424000000.0,3289000000.0,-1011000000.0,4225000000.0,5000000.0,5035000000.0,,,,,,,,,,,,,,,,,,,,,,,,,,,,,,,,
1553990400,,9793000000.0,,,,,,,,,-246000000.0,1301000000.0,,,1.28,349000000.0,2734000000.0,866000000.0,3907000000.0,,-1143000000.0,,1340000000.0,,-4818000000.0,9000000.0,4367000000.0,,,,,,3485000000.0,,-6000000.0,,329000000.0,,-439000000.0,,-28118000000.0,,,27247000000.0,,,47000000.0,,,308000000.0,,-221000000.0,1609000000.0,,,,,78000000.0,,,,279000000.0,-1000000.0,,1440000000.0,,8249000000.0,,,,2277000000.0,-1514000000.0,,-695000000.0,869000000.0,55365000000.0,,,,14904000000.0,13209000000.0,,17160000000.0,1394000000.0,,,,,52061000000.0,37157000000.0,,,20377000000.0,1660000000.0,,,175000000.0,712000000.0,1346000000.0,,7613000000.0,,14426000000.0,2913000000.0,,1.28,35367000000.0,,,,,,,,1111000000.0,,9317000000.0,,1111000000.0,,3813000000.0,,4542000000.0,-1416000000.0,,1111000000.0,,6720000000.0,,,,215000000.0,,,4399000000.0,2789000000.0,,,169000000.0,5111000000.0,,,,-248000000.0,-799000000.0,,,,568000000.0,,,48576000000.0,9910000000.0,2093000000.0,,,,,-182000000.0,,2277000000.0,,,,,,,,,,,,,,,,,,,,,,,,,,,,,,,,,,,,
1561852800,,10046000000.0,,,,,,,,,-257000000.0,-484000000.0,,,1.95,131000000.0,3522000000.0,865000000.0,4291000000.0,,361000000.0,,1379000000.0,,-4815000000.0,9000000.0,4542000000.0,,,,,,4423000000.0,,-82000000.0,,519000000.0,,-1549000000.0,,-28454000000.0,,,28095000000.0,,,82000000.0,,,205000000.0,,-919000000.0,2363000000.0,,,,,197000000.0,,,,-45000000.0,,,2204000000.0,,9109000000.0,,,,1930000000.0,-1347000000.0,,-839000000.0,869000000.0,56549000000.0,,,,14843000000.0,13633000000.0,,18048000000.0,2143000000.0,,,,,52787000000.0,37944000000.0,,,20427000000.0,1635000000.0,,,-326000000.0,725000000.0,1314000000.0,,8071000000.0,,14526000000.0,2743000000.0,,1.94,34731000000.0,,,,,,,,1685000000.0,,9299000000.0,,1685000000.0,,3811000000.0,,4797000000.0,-1431000000.0,,1685000000.0,,6780000000.0,,,,220000000.0,,,4072000000.0,2952000000.0,,,159000000.0,4797000000.0,,,,-135000000.0,-800000000.0,,,,575000000.0,,,48364000000.0,9849000000.0,2121000000.0,,,,,7000000.0,,1930000000.0,,,,,,,,,,,,,,,,,,,,,,,,,,,,,,,,,,,,
1569801600,,9646000000.0,,,,,,,,,-248000000.0,26000000.0,,,2.03,337000000.0,3502000000.0,864000000.0,4218000000.0,,-132000000.0,,1374000000.0,,-4617000000.0,9000000.0,4216000000.0,,,,,,5574000000.0,,12000000.0,,456000000.0,,-423000000.0,,-28787000000.0,,,29071000000.0,,,32000000.0,,,203000000.0,,-1227000000.0,2365000000.0,,,,,-232000000.0,,,,360000000.0,,,2206000000.0,,10037000000.0,,,,1486000000.0,-1475000000.0,,-320000000.0,870000000.0,57858000000.0,,,,14184000000.0,12835000000.0,,18318000000.0,2128000000.0,,,,,53282000000.0,39098000000.0,,,21740000000.0,2012000000.0,,,-31000000.0,498000000.0,1299000000.0,,7951000000.0,,14816000000.0,2483000000.0,,2.01,34873000000.0,,,,,,,,1750000000.0,,,,1750000000.0,,3783000000.0,,4185000000.0,-1180000000.0,,1750000000.0,,6690000000.0,,,,237000000.0,,,4040000000.0,2161000000.0,,,159000000.0,4538000000.0,,,,-104000000.0,-798000000.0,,,,587000000.0,,,47708000000.0,10027000000.0,2131000000.0,,,,,17000000.0,,-2850000000.0,,,,,,,,,,,,,,,,,,,,,,,,,,,,,,,,,,,,
1577750400,653000000.0,11362000000.0,4367000000.0,,,,17103000000.0,,871000000.0,59727000000.0,,,,,-0.12,,3959000000.0,863000000.0,,,,,1826000000.0,,,,4185000000.0,13717000000.0,,4440000000.0,,,3283000000.0,,,,-92000000.0,,,,-29245000000.0,,60377000000.0,30482000000.0,,,,11362000000.0,,,40754000000.0,,-32000000.0,,,1212000000.0,6742000000.0,,54574000000.0,-29245000000.0,,,,,-198000000.0,,,5919000000.0,,4440000000.0,2946000000.0,,,,863000000.0,59727000000.0,8639000000.0,,,17103000000.0,15413000000.0,,20568000000.0,2133000000.0,57857000000.0,,4440000000.0,,57857000000.0,40754000000.0,21818000000.0,,21818000000.0,,,,1053000000.0,,,-6061000000.0,,,16609000000.0,,,-0.12,39161000000.0,,3283000000.0,,,,,,-106000000.0,,,,-106000000.0,,,,5238000000.0,-2034000000.0,,-106000000.0,,6742000000.0,74094000000.0,8639000000.0,,-2165000000.0,,39161000000.0,,,,-1493000000.0,166000000.0,5741000000.0,,7798000000.0,15413000000.0,,,,5238000000.0,,,,,54574000000.0,10272000000.0,,10272000000.0,30482000000.0,,,,,7282000000.0,,,,5741000000.0,5652000000.0,,,,,,,,,,,,,,,,,,,,,,,,,,,,,,,
