date,quarterlyNetOtherInvestingChanges,quarterlyStockholdersEquity,quarterlyDilutedAverageShares,quarterlyOtherIntangibleAssets,quarterlyOperatingExpense,quarterlyCurrentDeferredRevenue,quarterlyCashCashEquivalentsAndMarketableSecurities,quarterlyCashAndCashEquivalents,quarterlySaleOfInvestment,quarterlyOtherCurrentAssets,quarterlyAccountsPayable,quarterlyCapitalStock,quarterlyRepaymentOfDebt,quarterlyGainsLossesNotAffectingRetainedEarnings,quarterlyBeginningCashPosition,quarterlyCapitalExpenditure,quarterlyEbitda,quarterlyCashFlowFromContinuingFinancingActivities,quarterlyOperatingIncome,quarterlyTotalRevenue,quarterlyAccumulatedDepreciation,quarterlyOperatingCashFlow,quarterlyChangeInCashSupplementalAsReported,quarterlyGrossPPE,quarterlyCurrentLiabilities,quarterlyCurrentAssets,quarterlyIncomeTaxPayable,quarterlyDilutedEPS,quarterlyNonCurrentDeferredRevenue,quarterlyPurchaseOfBusiness,quarterlyOtherCurrentLiabilities,quarterlyNetPPE,quarterlyPretaxIncome,quarterlyRetainedEarnings,quarterlyTaxProvision,quarterlyOtherShortTermInvestments,quarterlyCostOfRevenue,quarterlyAccountsReceivable,quarterlyCurrentAccruedExpenses,quarterlyGoodwill,quarterlyTotalAssets,quarterlyTotalNonCurrentAssets,quarterlyLongTermDebt,quarterlyFreeCashFlow,quarterlyOtherNonCurrentLiabilities,quarterlyNetIncome,quarterlySellingGeneralAndAdministration,quarterlyNetIncomeContinuousOperations,quarterlyDepreciationAndAmortization,quarterlyTotalNonCurrentLiabilitiesNetMinorityInterest,quarterlyCurrentDebt,quarterlyInterestExpense,quarterlyPurchaseOfInvestment,quarterlyTotalLiabilitiesNetMinorityInterest,quarterlyOtherNonCurrentAssets,quarterlyInvestingCashFlow,quarterlyBasicAverageShares,quarterlyEndCashPosition,quarterlyBasicEPS,quarterlyNetIncomeCommonStockholders,quarterlyNonCurrentDeferredTaxesLiabilities,quarterlyInventory,quarterlyNetOtherFinancingCharges,quarterlyInvestmentsAndAdvances,quarterlyGrossProfit,quarterlyOtherIncomeExpense,quarterlyCashDividendsPaid,quarterlyRepurchaseOfCapitalStock,quarterlyChangeInInventory,quarterlyCommonStockIssuance,quarterlyStockBasedCompensation,quarterlyChangesInAccountReceivables,quarterlyChangeInWorkingCapital,quarterlyDeferredIncomeTax,quarterlyResearchAndDevelopment,quarterlyChangeInAccountPayable,quarterlyOtherNonCashItems
1995-03-31,,,9958620690.0,,,,,,,,,,,,,,1148695968.0,,1148695968.0,1148695968.0,,,,,,,,0.030196,,,,,,,,,,,,,,,,,,300710112.0,,300710112.0,,,,,,,,,9958620690.0,,0.030196,300710112.0,,,,,,,,,,,,,,,,,
1995-06-30,,,9958620690.0,,,,,,,,,,,,,,1148695968.0,,1148695968.0,1148695968.0,,,,,,,,0.030196,,,,,,,,,,,,,,,,,,300710112.0,,300710112.0,,,,,,,,,9958620690.0,,0.030196,300710112.0,,,,,,,,,,,,,,,,,
1995-09-30,,,9986206897.0,,,,,,,,,,,,,,1149528960.0,,1149528960.0,1149528960.0,,,,,,,,0.030196,,,,,,,,,,,,,,,,,,301543104.0,,301543104.0,,,,,,,,,9986206897.0,,0.030196,301543104.0,,,,,,,,,,,,,,,,,
1995-12-31,,12027571488.0,,,,,2186604000.0,2186604000.0,,3323638080.0,523951968.0,,,,,,-2104970784.0,,-2104970784.0,1149528960.0,-984596544.0,,,15250417536.0,3037088832.0,7805968032.0,,,,,468141504.0,14265820992.0,,1333620192.0,,,,,,,22165084128.0,14359116096.0,7099590816.0,,832992.0,301543104.0,,301543104.0,,7100423808.0,2044995360.0,,,10137512640.0,93295104.0,,,,,301543104.0,,383176320.0,,,,,,,,,,,,,,,
1996-03-31,,,10025000000.0,,,,,,,,,,,,,,1213669344.0,,1213669344.0,1213669344.0,,,,,,,,0.03332,,,,,,,,,,,,,,,,,,334029792.0,,334029792.0,,,,,,,,,10025000000.0,,0.03332,334029792.0,,,,,,,,,,,,,,,,,
1996-06-30,,,10025000000.0,,,,,,,,,,,,,,1211929686.0,,1211929686.0,1211929686.0,,,,,,,,0.033272,,,,,,,,,,,,,,,,,,333550998.0,,333550998.0,,,,,,,,,10025000000.0,,0.033272,333550998.0,,,,,,,,,,,,,,,,,
1996-09-30,,,10025000000.0,,,,,,,,,,,,,,1209557690.0,,1209557690.0,1209557690.0,,,,,,,,0.033207,,,,,,,,,,,,,,,,,,332898170.0,,332898170.0,,,,,,,,,10025000000.0,,0.033207,332898170.0,,,,,,,,,,,,,,,,,
1996-12-31,,13341337680.0,,,,,1767559200.0,1767559200.0,,4524287680.0,619060640.0,,,,,,-2218774910.0,,-2218774910.0,1208464290.0,-980870880.0,,,16689742080.0,3575780560.0,9820326560.0,,,,,656403440.0,15708871200.0,,2410685200.0,,,,,,,25617990640.0,15797664080.0,8700042560.0,,829840.0,332368850.0,,332368850.0,,8700872400.0,2300316480.0,,,12276652960.0,88792880.0,,,,,332368850.0,,569270240.0,,,,,,,,,,,,,,,
1997-03-31,,,10297435897.0,,,,,,,,,,,,,,1688154600.0,,1688154600.0,1688154600.0,,,,,,,,0.040441,,,,,,,,,,,,,,,,,,416439120.0,,416439120.0,,,,,,,,,10040000000.0,,0.041478,416439120.0,,,,,,,,,,,,,,,,,
1997-06-30,,,10297435897.0,,,,,,,,,,,,,,1687157450.0,,1687157450.0,1687157450.0,,,,,,,,0.040417,,,,,,,,,,,,,,,,,,416193140.0,,416193140.0,,,,,,,,,10040000000.0,,0.041454,416193140.0,,,,,,,,,,,,,,,,,
1997-09-30,,,10297435897.0,,,,,,,,,,,,,,1685977150.0,,1685977150.0,1685977150.0,,,,,,,,0.040389,,,,,,,,,,,,,,,,,,415901980.0,,415901980.0,,,,,,,,,10040000000.0,,0.041425,415901980.0,,,,,,,,,,,,,,,,,
1997-12-31,,15002635200.0,,,,,1479564520.0,1479564520.0,,2736407800.0,1641844680.0,,,,,,-3638808010.0,,-3638808010.0,1681662950.0,-2739719640.0,,,30140227880.0,7850716720.0,7960007440.0,,,,,4248262760.0,27400508240.0,,3759766360.0,,,,,,,35488849480.0,27528842040.0,12635497560.0,,0.0,414838270.0,,414838270.0,,12635497560.0,1960609280.0,,,20486214280.0,128333800.0,,,,,414838270.0,,618486120.0,,,,,,,,,,,,,,,
1998-03-31,,,11100000000.0,,,,,,,,,,,,,,2020977130.0,,2020977130.0,2020977130.0,,,,,,,,0.041397,,,,,,,,,,,,,,,,,,459501150.0,,459501150.0,,,,,,,,,11100000000.0,,0.041397,459501150.0,,,,,,,,,,,,,,,,,
1998-06-30,,,11100000000.0,,,,,,,,,,,,,,2021077211.0,,2021077211.0,2021077211.0,,,,,,,,0.041399,,,,,,,,,,,,,,,,,,459523905.0,,459523905.0,,,,,,,,,11100000000.0,,0.041399,459523905.0,,,,,,,,,,,,,,,,,
1998-09-30,,,11100000000.0,,,,,,,,,,,,,,2020659800.0,,2020659800.0,2020659800.0,,,,,,,,0.04139,,,,,,,,,,,,,,,,,,459429000.0,,459429000.0,,,,,,,,,11100000000.0,,0.04139,459429000.0,,,,,,,,,,,,,,,,,
1998-12-31,,19846179080.0,,,,,2185629600.0,2185629600.0,,1837087910.0,1943057830.0,5650349250.0,,1207891510.0,,,-3882145030.0,,-3882145030.0,2020710670.0,-4271912400.0,,,36587770660.0,4102194950.0,5709957330.0,,,,,1008370020.0,32315858260.0,,5270347740.0,,,,,,,38142548080.0,32432590750.0,14027768160.0,,166405890.0,460456690.0,,460456690.0,,14194174050.0,1150767100.0,,,18296369000.0,116732490.0,,,,,460456690.0,,517431250.0,,,,,,,,,,,,,,,
1999-03-31,,,10580000000.0,,,,,,,,,,,,,,2412232512.0,,2412232512.0,2412232512.0,,,,,,,,0.04139,,,,,,,,,,,,,,,,,,437910432.0,,437910432.0,,,,,,,,,10580000000.0,,0.04139,437910432.0,,,,,,,,,,,,,,,,,
1999-06-30,,20778808608.0,10580000000.0,,822841152.0,,3239212704.0,3239212704.0,,1154792160.0,2334418560.0,5649789600.0,,1874985120.0,,,1267374048.0,,705292416.0,2416371552.0,-4271489280.0,,,38677673184.0,6471802944.0,6843488736.0,,0.04139,,,2599317120.0,34406183904.0,556286976.0,5537207712.0,118376544.0,,888237984.0,,,,41366393568.0,34522904832.0,13899724128.0,,216057888.0,437910432.0,260759520.0,437910432.0,,14115782016.0,1538067264.0,173839680.0,,20587584960.0,116720928.0,,10580000000.0,,0.04139,437910432.0,,566220672.0,,,1528133568.0,24834240.0,,,,,,,,,,,
1999-09-30,,,11987600000.0,,,,,,,,,,,,,,2827667956.8,,2827667956.8,2827667956.8,,,,,,,,0.04139,,,,,,,,,,,,,,,,,,496171559.04,,496171559.04,,,,,,,,,11987600000.0,,0.04139,496171559.04,,,,,,,,,,,,,,,,,
1999-12-31,,21263738534.4,,,,,3743712011.52,3743712011.52,,146969032.32,3159577574.4,5649955161.6,,2070447144.96,,,-4680451266.24,,-4680451266.24,2827659678.72,-6656279956.8,,,41259333159.36,6745583883.84,5866037883.84,,,,,1679920442.88,34603053202.56,,5825715356.16,,,,,,,40582409723.52,34716371839.68,12306110947.2,,266976358.08,496171559.04,,496171559.04,,12573087305.28,1906085866.56,,,19318671189.12,113318637.12,,,,,496171559.04,,543414561.6,,,,,,,,,,,,,,,
2000-03-31,,,13638000000.0,,,,,,,,,,,,,,3062508808.32,,3062508808.32,3062508808.32,,,,,,,,0.04139,,,,,,,,,,,,,,,,,,564482275.2,,564482275.2,,,,,,,,,13638000000.0,,0.04139,564482275.2,,,,,,,,,,,,,,,,,
2000-06-30,,22393059042.24,11300000000.0,,921888379.2,,4719234071.04,4719234071.04,,208177155.84,3231795544.32,5650054498.56,,2285122593.6,,,1609424313.6,,922931417.28,3062508808.32,-6656279956.8,,,40202329958.4,5755078499.52,6882693722.88,,0.04139,,,1127482774.08,33546050001.6,677850580.8,6740136907.2,113368305.6,,1217689011.84,,,,40538130273.6,33655436550.72,12067222114.56,,322770617.28,564482275.2,235395482.88,564482275.2,,12389992731.84,1395800181.12,244137135.36,,18145071231.36,109386549.12,,11300000000.0,,0.04139,564482275.2,,492065631.36,,,1844819796.48,-960257.28,,,,,,,,,,,
2000-09-30,,,10002149254.0,,,,,,,,,,,,,,3210890436.6,,3210890436.6,3210890436.6,,,,,,,,0.06926,,,,,,,,,,,,,,,,,,692744606.4,,692744606.4,,,,,,,,,9855058824.0,,0.070293,692744606.4,,,,,,,,,,,,,,,,,
2000-12-31,,23748999379.2,,,,,2045726793.0,1985804677.8,,0.0,2714443709.4,5642698917.6,,2529931876.2,,,-5427932578.2,,-5427932578.2,3207250978.2,-9305281128.6,,,41483233771.2,7061459164.2,10048677469.2,,,,,1342071844.2,32177952642.6,,7868671565.4,,59922115.2,,1194523556.4,,,42412051359.0,32363373889.8,11221689250.8,,379903564.8,692015212.8,,692015212.8,,11601592815.6,3004943610.6,,,18663051979.8,185421247.2,,,,,692015212.8,,563009940.0,,,,,,,,,,,,,,,
2001-03-31,,,11543046358.0,,,,,,,,,,,,,,3723251214.9,,3723251214.9,3723251214.9,,,,,,,,0.067415,,,,,,,,,,,,,,,,,,778172459.4,,778172459.4,,,,,,,,,11130794702.0,,0.069912,778172459.4,,,,,,,,,,,,,,,,,
2001-06-30,,24061734889.4,11930000000.0,-2345899325.9,1085351576.4,,4965682689.5,4834862162.0,,8266.7,2922080049.2,5642188084.0,,2817506294.2,,,1955074550.0,,1124304266.8,3722800877.9,-9304493251.3,,,46837187792.2,7594815690.8,7476386946.6,,0.067407,,,2487392163.1,37532694540.9,937237112.5,7895037434.7,159158775.1,130820527.5,1513145034.7,1547683307.3,440499376.2,,43816238011.0,36339851064.4,11705407465.7,,8498167.6,778078337.4,254573026.5,778078337.4,,11713905633.3,1744844102.3,224011036.6,,19308721324.1,1153055849.4,,11300000000.0,,0.069903,778078337.4,,732346953.0,,,2209655843.2,52609278.8,,,,,,,,,,,
2001-09-30,,,12642414861.0,,,,,,,,,,,,,,4163491152.0,,4163491152.0,4163491152.0,,,,,,,,0.074765,,,,,,,,,,,,,,,,,,945209378.4,,945209378.4,,,,,,,,,12642414861.0,,0.074765,945209378.4,,,,,,,,,,,,,,,,,
2001-12-31,,28298599923.84,,,,,2174626781.76,2173525797.12,,0.0,521287253.76,6001078202.88,,3170090736.0,,,-6594239330.4,,-6594239330.4,4185004595.04,-12457632923.52,,,50021482165.44,8923927523.52,10765841713.92,,,,,2775565721.28,37563849241.92,,8987883969.6,,1100984.64,,1407422605.44,,,47301230574.72,36535388860.8,9577481939.52,,14875709.76,949912236.0,,949912236.0,,9592357649.28,5627074548.48,,,18516285172.8,-1028460381.12,,,,,-850412880.48,,719125087.68,,,,,,,,,,,,,,,
2002-03-31,,,12258536028.0,,,,,,,,,,,,,,3925502065.8,,3925502065.8,3925502065.8,,,,,,,,0.072398,,,,,,,,,,,,,,,,,,887488855.2,,887488855.2,,,,,,,,,11848565121.0,,0.074903,887488855.2,,,,,,,,,,,,,,,,,
2002-06-30,,28233080682.3,12502000000.0,-2099058025.5,1082783422.5,,4784476652.7,3726527598.6,,8267.1,430029740.7,5991994080.0,,3018723297.9,,,1997496702.0,,1208947635.6,3925359620.7,-12441109187.4,,,49116560656.8,5798709282.0,7312539298.5,,0.072395,,,836448643.8,36675451469.4,1078186914.9,8633365598.4,190730264.1,1057949054.1,1633628562.6,1553016070.5,2284108791.9,,43095119166.6,35782579868.1,8676577730.1,,11292858.6,887456650.8,294234356.1,887456650.8,,8702131336.2,2248122105.6,133166446.8,,14500840618.2,1206186424.2,,12000000000.0,,0.0749,887456650.8,14260747.5,774552866.1,,,2291731058.1,-11764083.3,,,,,,,,,,,
2002-09-30,,,11837842779.0,,,,,,,,,,,,,,5298808115.76,,5298808115.76,5298808115.76,,,,,,,,0.090413,,,,,,,,,,,,,,,,,,1070297156.76,,1070297156.76,,,,,,,,,11837842779.0,,0.090413,1070297156.76,,,,,,,,,,,,,,,,,
2002-12-31,,30418922500.8,,-1851839608.32,,939553801.92,4144495254.72,3002881798.08,,0.0,471602217.6,6000838138.56,,3418391745.6,,,-7568480171.58,,-7568480171.58,5329198928.58,-15949136671.68,,,57056476004.16,7652944232.64,7686172445.76,,,,,3162003051.84,41107339332.48,,10393849632.96,,1141613456.64,,2362059069.12,115860007.68,,48465600473.28,40779428027.52,9341689108.8,,19395541.44,1076740768.02,,1076740768.02,,9482946265.92,2963925153.6,,,17135890498.56,1523928303.36,,,,,1076740768.02,121861615.68,923428102.08,,,,,,,,,,,,,,,
2003-03-31,,,15600712296.0,,,,,,,,,,,,,,5170151695.1,,5170151695.1,5170151695.1,,,,,,,,0.103477,,,,,,,,,,,,,,,,,,1126954228.4,,1126954228.4,,,,,,,,,15600712296.0,,0.103477,1126954228.4,,,,,,,,,,,,,,,,,
2003-06-30,,30812938208.15,12000547920.0,-1723891624.9,1697418101.2,,1946275846.5,1011937612.3,,0.0,3527733622.5,6028215055.2,,3373983542.55,,,2567294381.35,,1544007425.4,5257535846.5,-15949271538.65,,,55535153050.45,7519217486.15,5551120436.25,,0.103477,,,991730648.15,39585881511.8,1404735829.8,10629633010.85,262020003.8,934338234.2,2016110319.9,2412054234.4,,,47379453445.25,41828333009.0,8063687967.95,,13319543.35,1142715826.0,674131145.25,1142715826.0,,8189507569.8,2999753215.5,152996768.3,,15708725055.95,3966343122.1,,12000547920.0,,0.103477,1142715826.0,112500058.5,925364719.6,,,3241425526.6,36332800.35,,,,,,,,,,,
2003-09-30,,,12096917983.0,,,,,,,,,,,,,,6437064605.55,,6437064605.55,6437064605.55,,,,,,,,0.13,,,,,,,,,,,,,,,,,,1572600155.5,,1572600155.5,,,,,,,,,12096917983.0,,0.13,1572600155.5,,,,,,,,,,,,,,,,,
2003-12-31,,33955373617.05,,1037856499.95,,,4273652884.55,4128652809.15,,5860930.2,3342518294.4,6027676975.45,,4328677747.6,,,-9878018381.6,,-9878018381.6,6437064605.55,-19803180827.45,,,62461563936.95,9242413746.45,8303199681.9,,,,,1257459263.15,42658383109.5,,12818880838.0,,145000075.4,,2804024636.9,,-1432070281.1,53609705029.35,45306505347.45,9153605753.25,,0.0,1572600155.5,,1572600155.5,,9256718389.65,4642436188.9,,,18499132136.1,3021028061.0,,,,,1572600155.5,103112636.4,800281873.1,,,,,,,,,,,,,,,
2004-03-31,,22453501402.63585,15671945120.0,-973497898.60275,,,5242402982.67065,5242330722.6993,,37146244.4816,714394460.8889,6027674334.72015,,,,,1968271006.9441,,1968271006.9441,6461089684.2682,-23383108748.6142,,,66437791335.713,7915917717.26845,9608824880.6923,,0.230008,,,2599681401.5025,43054682587.0988,1746198060.3404,15385503588.20605,286370678.714,72259.97135,4492818677.3241,2700603970.5385,,,55126227341.12,45517402460.4277,9867740536.85155,,13737581762.7441,1403964869.1342,,1403964869.1342,,23605322299.59565,4601841854.87705,129185704.59375,,31521240016.8641,3436217771.93165,,15671945120.0,,0.230008,1403964869.1342,,717873237.5323,,,1968271006.9441,132937958.20055,,,,,,,,,,,
2004-06-30,,,5931322572.0,,,,,,,,,,,,,,6579206434.4306,,6579206434.4306,6579206434.4306,,,,,,,,0.190008,,,,,,,,,,,,,,,,,,1127000975.11305,,1127000975.11305,,,,,,,,,5931322572.0,,0.190008,1127000975.11305,,,,,,,,,,,,,,,,,
2004-09-30,,,12081499849.0,,,,,,,,,,,,,,8379839547.91165,,8379839547.91165,8379839547.91165,,,,,,,,0.11,,,,,,,,,,,,,,,,,,1328965674.5055,,1328965674.5055,,,,,,,,,12081499849.0,,0.11,1328965674.5055,,,,,,,,,,,,,,,,,
2004-12-31,,36265540381.25,,439081354.15,,,2308171730.05,2295530995.0,,14958617.05,4551161307.0,12055387063.5,,4065970657.35,,,-14501944991.3386,,-14501944991.3386,8698158132.3114,-24421022632.7,,,82201466585.8,16732963999.15,9653655682.15,,,,,2539562578.85,57780443953.1,,11171984286.25,,12640735.05,,4973106890.65,,,72779905395.2,63126249713.05,15955298031.85,,12996695.5,1463945421.84725,,1463945421.84725,,16515008587.8,9642240113.3,,,33247972586.95,4809182964.35,,,,,1463945421.84725,546713860.45,1431408029.1,,,,,,,,,,,,,,,
2005-03-31,,,11996096984.0,,,,,,,,,,,,,,9400244954.35,,9400244954.35,9400244954.35,,,,,,,,0.069992,,,,,,,,,,,,,,,,,,839627920.05,,839627920.05,,,,,,,,,11996096984.0,,0.069992,839627920.05,,,,,,,,,,,,,,,,,
2005-06-30,,36192063521.85,12055000000.0,2369968119.8,2889347528.95,,2732368970.5,2724728238.05,,24809615.55,6028190220.75,12055387063.5,,4065970657.35,,,2921276353.5,,1334073541.4,9400244954.35,-3184413907.55,,,75641893638.4,23107098108.4,12555412157.95,,0.070008,,,1156217488.65,72457479730.85,1170141336.95,11098515705.0,174387507.9,7640732.45,5176823884.0,5897420285.2,,,92426331174.25,79870919016.3,26553697582.75,,14495040.65,839627920.05,1302144716.85,839627920.05,,27692266055.6,15922690399.0,315058110.85,,50799364164.0,4910176394.35,,12055000000.0,,0.070008,839627920.05,1124073432.2,2538941717.6,,,4223421070.35,138526562.1,,,,,,,,,,,
2005-09-30,,33113469503.77884,12055000000.0,,,,3929055224.913,3929055224.913,,6313963918.89078,1486098867.24594,0.0,,,,,2329096442.526,,2329096442.526,10266692187.72087,-41135516663.3415,,,95911265617.72488,20615034828.39093,12608882182.16199,,0.118653,,,19128935961.14499,54775748954.38338,1994964548.51484,12438486494.55927,350830411.2873,,7937595745.19487,,,,90932027892.70888,78323145710.54688,28340624789.07642,,4127416206.87249,1430351473.09401,,1430351473.09401,,32468040995.94891,,,,53083075824.33984,23547396756.1635,,12055000000.0,,0.118653,1430351473.09401,,2365863038.35821,,,2329096442.526,77697701.94996,,,,,,,,,,,
2005-12-31,,40053844525.0,,1680450584.0,,,2651401988.0,2648745806.5,,21854964.5,1970733276.5,12060315402.5,,5538655131.5,,,1257757472.27493,,1257757472.27493,10962347813.74497,-30275067928.5,,,109304670229.5,23116594198.0,12068106330.0,,,,,6257059382.0,79029602301.0,2207518147.57023,13463094101.0,293368248.24966,2656181.5,-999021827.02996,6024889742.5,197695794.5,672070434.0,99480359093.0,87412252763.0,28874057326.5,,168405136.5,1822871240.41015,,1822871240.41015,,30200710993.5,14691105745.0,,,53317305191.5,5966025854.0,,,,,1822871240.41015,1158248530.5,2312298841.0,,,11961369640.77493,-563710011.66882,,,,,,,,,,,
2006-03-31,,,15671998472.0,,,,,,,,,,,,,,11375713317.45,,11375713317.45,11375713317.45,,,,,,,,0.099474,,,,,,,,,,,,,,,,,,1558954794.84,,1558954794.84,,,,,,,,,15671998472.0,,0.099474,1558954794.84,,,,,,,,,,,,,,,,,
2006-06-30,,39185328000.0,,1661394000.0,,,2451605000.0,2411266000.0,,-354.0,8920518000.0,12055383000.0,,631786000.0,,,-7606700317.45,,-7186682317.45,8392394682.55,,,,,26882350000.0,11592656000.0,,,,,0.0,84849271000.0,,12610623000.0,,40339000.0,,4695615000.0,,671796000.0,105226420000.0,93633764000.0,31400836000.0,,185947000.0,607923205.16,,972110205.16,,32700106000.0,16985179000.0,,,59582456000.0,305591000.0,,,,,607923205.16,1113323000.0,2261297354.0,,6075994000.0,,,,,,,,,,,,,
2006-09-30,,,12055000000.0,,,,,,,,,,,,,,11201016995.5,,11201016995.5,11201016995.5,,,,,,,,0.12733,,,,,,,,,,,,,,,,,,1535013995.6,,1535013995.6,,,,,,,,,12055000000.0,,0.12733,1535013995.6,,,,,,,,,,,,,,,,,
2006-12-31,,43395177230.0,,2010593172.5,,,3302623327.5,3202589200.0,,0.0,2033533417.5,12038092400.0,,6444041140.0,,,-25056905114.2,,-25056905114.2,10486977163.3,-36314275277.5,,,126628780040.0,26466477235.0,13207358715.0,,,,,8027713390.0,90314504762.5,,15936967160.0,,100034127.5,,6967487315.0,195264995.0,670834520.0,113437694707.5,100230335992.5,35048273177.5,,309490572.5,1457412995.5,,1457412995.5,,36435113135.0,16209965432.5,,,62901590370.0,7136116050.0,,,,,1457412995.5,1077349385.0,2118448192.5,,,,,,,,,,,,,,,
2007-03-31,,,11981501772.0,,,,,,,,,,,,,,11552347370.4,,11552347370.4,11552347370.4,,,,,,,,0.119788,,,,,,,,,,,,,,,,,,1435242674.4,,1435242674.4,,,,,,,,,11981501772.0,,0.119788,1435242674.4,,,,,,,,,,,,,,,,,
2007-06-30,,43230063000.0,,2041706000.0,2750444469.0,,3310099000.0,3310099000.0,,221.0,8357138000.0,12055383000.0,,1271505000.0,,,-6961866370.4,,-6979245370.4,11521816629.6,-36323721529.5,,,119432470477.5,29745267000.0,13943569000.0,,,,,0.0,83246977000.0,1806097372.5,15489979000.0,279877231.5,0.0,7062982392.0,5512105000.0,433238000.0,553924000.0,109671172000.0,95727603000.0,30928180000.0,,355179000.0,1440138325.6,934553788.5,1622275325.6,,32078543000.0,19589170000.0,485331405.0,,61823810000.0,192740000.0,,,,,1440138325.6,795184000.0,2765560779.0,,9594053000.0,4489828732.5,540395952.0,,,,,,,,,,,
2007-09-30,,44482622582.536,12055000000.0,2136681301.048,408438052.632,,4307068201.184,4307068201.184,,29644603.608,1754881558.736,12036904946.704,,5471895148.64,3310099000.0,,2004554578.736,,2004554578.736,12708569334.544,-36328365967.568,-4358299000.0,,115930608896.008,28556873972.536,14342183491.24,,0.129793,,,14171442699.088,79602242928.44,1770593062.296,16089054854.36,193853838.616,,10295576703.176,5052123151.504,,140226749.992,110132432829.216,95790249337.976,31729493036.12,2318313000.0,626298475.904,1525886667.016,372733030.472,1525886667.016,,32896755711.328,12630549714.712,519214247.968,,61453629683.864,13787995088.608,6850333000.0,12055000000.0,0.0,0.129793,1525886667.016,540964199.304,2719306754.16,,,2412992631.368,285252724.032,,,,,,,,,,,
2007-12-31,,46931661781.92,,2269359627.4,11016336488.616,,7312743028.92,7312743028.92,,562491.16,8849958318.4,12056172540.56,,7771056443.04,0.0,,2386123113.448,,2386123113.448,13758540879.112,-41965880245.24,9559310806.72,,132097725114.6,31378620496.16,18552280676.28,,,,,1572688757.96,90131844869.36,1782385154.448,18114867096.04,7088169.368,,356081277.048,7876834001.44,,555302961.28,124304293211.52,105752012535.24,39326847044.44,-5034120560.08,423146759.0,1703560969.344,4016753704.304,1703560969.344,,40842607313.96,20955973419.8,773612769.832,,72221227810.12,12583840384.2,-16258463641.04,,7312743028.92,,1703560969.344,1092613510.52,2319443255.88,,,13402459602.064,237708514.376,,,,,,,,,,,
2008-03-31,,,18082500000.0,,,,,,,,,,,,,,15359398667.2,,15359398667.2,15359398667.2,,,,,,,,-0.016657,,,,,,,,,,,,,,,,,,-271739646.56,,-271739646.56,,,,,,,,,18082500000.0,,-0.016657,-271739646.56,,,,,,,,,,,,,,,,,
2008-06-30,,42300539576.88,18082500000.0,6912050199.16,3447099407.84,,4548174660.39,4548174660.39,,420974560.96,11353623856.05,12049512464.75,,7309695936.01,,,2110391377.65,,239122160.97,15361074352.32,-39382407373.61,,,143815297280.56,53640212754.98,19051628514.97,,-0.017138,,,1093376672.04,104432889906.95,-346792602.19,13956731241.71,64488465.59,,11674852783.51,8100620539.02,,11839690155.16,154617262657.34,135565634142.37,51240888097.94,,463813768.09,-271774288.28,1546502918.3,-271774288.28,,53868421166.91,41193212226.89,816536265.33,,107508633921.89,12099597797.97,,18082500000.0,,-0.017138,-271774288.28,2163719300.88,4477783721.23,,,3686221568.81,211385333.95,,,,,,,,,,,
2008-09-30,68012905.71,38482014000.0,,6697782000.0,1464339000.0,,9661559000.0,9661559000.0,,126972000.0,3760038000.0,12055383000.0,,,4548174660.39,-7205290211.51,-1376894000.0,,-2598975000.0,19329043000.0,,1697667242.55,,107874099000.0,63428454000.0,24763299000.0,,,,,13496013000.0,107874099000.0,-2554007000.0,,-155047000.0,,20463679000.0,6832979000.0,650201000.0,10814236000.0,162017713000.0,137254414000.0,53108752000.0,-5507622968.96,807335000.0,-2398960000.0,515903000.0,-2160022000.0,,,39204036000.0,1177113000.0,-327784249.31,,2496087000.0,-7081689103.11,,10332304623.0,,-2160022000.0,1689856000.0,5689540000.0,6102094594.7,8708582000.0,-1134636000.0,1222081000.0,,,,,,,,,,,
2008-12-31,-89998927.0,36829320000.0,,6707265000.0,12368709000.0,,5765873000.0,5765873000.0,-381759151.0,15479000.0,10867480000.0,12055383000.0,-29165139730.0,-534433000.0,10332304623.0,-9150755145.0,-32121000.0,,1975712000.0,17337851000.0,-55759932000.0,1964379837.0,,172497130000.0,52486200000.0,20018177000.0,,,,,542442000.0,116737198000.0,-1681074000.0,10569653000.0,-228836000.0,,2727365000.0,7794500000.0,,11108096000.0,165917758000.0,145899581000.0,68861869000.0,-7186375308.0,620922000.0,-1452238000.0,3494520000.0,-1307339000.0,,,40386844000.0,1648953000.0,172448543.0,,748072000.0,-9350291981.0,,5566625000.0,,-1307339000.0,1371572000.0,5169847000.0,-10901934330.0,10282251000.0,14610486000.0,-2091355000.0,,,,,,,,,,,
2009-03-31,2040455.0,37176832169.0,,6532544974.0,1672626641.0,,7814976385.0,7764780682.0,,214598697.0,2943025295.0,12055383440.0,-7441770872.0,-852580157.0,5566625073.0,-4723899512.0,604281287.0,,604281287.0,16116035683.0,,3982833525.0,,118695480413.0,54042148731.0,21952692302.0,,,,,17234551492.0,118695480413.0,629126736.0,10463728718.0,50872876.0,50195703.0,13839127755.0,7296490592.0,453157908.0,10108912267.0,168341660900.0,146388968598.0,68954049282.0,-741065987.0,1616664046.0,549872938.0,1701772357.0,578253860.0,,71769739787.0,26263613708.0,,-1620000.0,125811888518.0,91326145.0,-4721471488.0,,7552497562.0,,549872938.0,1191058708.0,4159105507.0,297832104.0,10463417109.0,2276907928.0,24845449.0,-1347971295.0,,,,,,,,,,
2009-06-30,134884545.0,38912741000.0,,6636482000.0,6564497359.0,,6256108000.0,6256108000.0,,208113000.0,12237092000.0,12055383000.0,-18887792128.0,-556702000.0,7552497562.0,-5384140488.0,3482400713.0,,3099885713.0,17414685317.0,,2402359475.0,,,58375720000.0,21488546000.0,,,,,29689000.0,124152732000.0,1219085264.0,11234397000.0,3658124.0,,7750302245.0,7802852000.0,,11021097000.0,175845839000.0,154357293000.0,70434831000.0,-2981781013.0,660891000.0,1320504062.0,695390643.0,1215427140.0,,72772093000.0,44834903000.0,,1620000.0,131147813000.0,646408000.0,-5249643512.0,,6047452000.0,,1320504062.0,1674296000.0,4402123000.0,-2551228104.0,11651834000.0,9664383072.0,-1880800449.0,940358295.0,,,,,,,,,,
2009-09-30,-128104153.0,39776509412.0,,6904046036.0,1665981935.0,,6335293428.0,6302740998.0,,272099243.0,3621935596.0,12055383440.0,-37861260410.0,-409332624.0,6047452000.0,-6345410999.0,2580530741.0,,2580530741.0,21082046549.0,,4980506579.0,,136730505988.0,51209585223.0,21546971063.0,,,,,18970415478.0,136730505988.0,2626905039.0,12984626866.0,349728528.0,32552430.0,17075572557.0,7703630209.0,678264755.0,10828942007.0,188446334414.0,166899363351.0,86622030794.0,-1364904420.0,2130238798.0,2166825242.0,1626111523.0,2277176511.0,,90043362380.0,21050726844.0,,-2795020000.0,141252947603.0,135248207.0,-8980104154.0,,6097009712.0,,2166825242.0,1289302759.0,3896102772.0,11336016231.0,11778139937.0,4006473992.0,46374298.0,,,,,,,,,,,
2009-12-31,-2475117847.0,42124183000.0,,8144914000.0,12131456965.0,932625000.0,5452050000.0,5452050000.0,,141886000.0,4386461000.0,12055383000.0,-7378029590.0,-362067000.0,6097009712.0,-6167220001.0,1903925917.0,,4620262803.0,20185395720.0,-73632764000.0,3615290421.0,,214410100000.0,59581608000.0,24189765000.0,292509000.0,,,,13403000.0,140777336000.0,1022639820.0,14293564000.0,154214363.0,0.0,2832013820.0,9717681000.0,2460501000.0,11610998000.0,197887179000.0,173697414000.0,85066870000.0,-2551929580.0,750369000.0,798932378.0,2220682974.0,868425457.0,,87657451000.0,44081524000.0,881286097.0,2795020000.0,147239059000.0,155130000.0,-5929041846.0,,5226982000.0,,798932378.0,1839362000.0,4083986000.0,-14899193231.0,12124548000.0,17353381900.0,-2776733886.0,,,,,,,,,,,
2010-03-31,4242286.0,41769744547.0,,7321098860.0,1611073309.0,,6330599191.0,6277606713.0,,83083264.0,4985107651.0,12055383440.0,-17693183774.0,-342781566.0,5226981648.0,-3614777529.0,2535723281.0,,1310847784.0,24338577084.0,,4252227140.0,,142928093850.0,59606161202.0,25538826044.0,,,,,17969619409.0,142928093850.0,1413296543.0,14783549438.0,272045718.0,52992478.0,21416655991.0,9846038009.0,601375081.0,10940195057.0,199798664681.0,174259838637.0,86742048091.0,637449611.0,2266414783.0,952820736.0,618101005.0,1141250825.0,,90423504840.0,28328372575.0,1122426738.0,-2217612800.0,150029666042.0,235891091.0,-5826701251.0,,6045844946.0,,952820736.0,1414641189.0,4076542546.0,-1124033776.0,12075389089.0,2921921093.0,1224875497.0,,,,,,,,,,,
2010-06-30,-232082286.0,40926544000.0,,7660544000.0,7502862691.0,,6050799000.0,6043303000.0,,0.0,15669117000.0,12055383000.0,-22165229226.0,-399628000.0,6045844946.0,-5735759471.0,2340418719.0,,2904525216.0,24453295916.0,,4786736860.0,,,67165024000.0,28679599000.0,,,,,136936000.0,144573524000.0,964709457.0,13189877000.0,150057282.0,7496000.0,14045908009.0,9810389000.0,,11554482000.0,206565272000.0,177885673000.0,87302283000.0,-949022611.0,717014000.0,979642264.0,1200888995.0,814652175.0,,90026049000.0,47764070000.0,1375709262.0,217612800.0,157191073000.0,1029069000.0,-5751675749.0,,5804275000.0,,979642264.0,1851489000.0,5211687000.0,-1892295224.0,12453996000.0,10407387907.0,-590932497.0,,,,,,,,,,,
2010-09-30,252212401.0,41338540293.0,,7216478509.0,4419961903.0,47458698.0,8929278583.0,8929278583.0,,202387653.0,4712680682.0,12055383440.0,-22356532854.0,19572699.0,5804275000.0,-4055214221.0,4553440197.0,,4553440197.0,56677500280.0,,6033471242.0,,148903125140.0,71394907407.0,28674459917.0,,,,,10706185525.0,148903125140.0,4681336180.0,13940867588.0,439572637.0,,47704098180.0,10200229046.0,822187875.0,11405900324.0,209930796654.0,181256336737.0,85487906433.0,1978257021.0,2193528349.0,4130611622.0,1515428026.0,4241763543.0,,89416339623.0,44884837736.0,,-266524400.0,160811247030.0,606120979.0,-3795058770.0,,8717157229.0,,4130611622.0,1410295435.0,4411035938.0,-3884245225.0,12203698940.0,8973402100.0,3507009886.0,,,,,,,,,,,
2010-12-31,-6369775401.0,53789133000.0,,8164014000.0,14796817339.0,,9547908000.0,9547908000.0,,132632000.0,19555321000.0,14055383000.0,-9078514146.0,93405000.0,8717157229.0,-7325965779.0,5718748812.0,,4901100812.0,27526520701.0,-84322637000.0,2994288758.0,,239547234000.0,83636880000.0,31556149000.0,,,,,86612000.0,155224597000.0,102281391.0,21209599000.0,29610548.0,0.0,7828602550.0,636542000.0,271062000.0,12640904000.0,227938213000.0,196382064000.0,79016053000.0,-4331677021.0,797558000.0,201690516.0,2256000808.0,72670843.0,,81875861000.0,62899981000.0,,2254411400.0,165512741000.0,5391566000.0,-11607102230.0,,9426437000.0,,201690516.0,1966387000.0,5190435000.0,8891700225.0,14197030000.0,19697918151.0,-3321808725.0,,,,,,,,,,,
2011-03-31,-3265070.0,,,,2344801434.0,,,,,,,,-13588263526.0,,9426437511.0,-3646433109.0,2275406289.0,,368402462.0,30399826807.0,,5613164562.0,,,,,,,,-1592355818.0,,,434518289.0,,187149106.0,,27686622911.0,,,,,,,1966731453.0,,226260281.0,677078610.0,247369183.0,108963825.0,,,1731924175.0,0.0,,,-5240102589.0,,10297797076.0,,226260281.0,,,4969367747.0,,2713203896.0,1798040002.0,-1651673468.0,,,,,,,,,,
2011-06-30,199668070.0,52100042000.0,,10504343000.0,8779553566.0,,12158779000.0,11959352000.0,,445887000.0,25098193000.0,14055383000.0,-27256635474.0,321921000.0,10297797076.0,-2701152891.0,8684174711.0,,4422391538.0,33654319193.0,,3684892438.0,,4375759000.0,100536002000.0,38751149000.0,,,,-696244182.0,373449000.0,174303279000.0,1175914711.0,19533407000.0,313039894.0,199427000.0,20452374089.0,1007864000.0,252286000.0,14884673000.0,255973713000.0,217222564000.0,90768522000.0,983739547.0,1412215000.0,904631719.0,1469980390.0,862874817.0,5729107175.0,94693080000.0,74004639000.0,1779152825.0,,195229082000.0,2304999000.0,-3059748411.0,,11800740000.0,,904631719.0,2225546000.0,7103483000.0,-8838062747.0,14595490000.0,13201945104.0,-1551414002.0,-1155410532.0,,,,,,,,,,
2011-09-30,-142567115.0,50201848241.0,,10253401029.0,871771417.0,,13678575456.0,13678575456.0,,763621559.0,7632236557.0,14055383440.0,-30274439064.0,-433066351.0,11800740000.0,-4204014629.0,2405423559.0,,1943403079.0,35756877128.0,,5675213757.0,,,101952461358.0,38064761003.0,,,,-1687581626.0,11003822483.0,174681087891.0,434217209.0,12581914775.0,174447338.0,,32941702632.0,12376248108.0,937733027.0,13487733765.0,253105683867.0,215040922864.0,88235874373.0,1471199128.0,2192933269.0,231665950.0,754626018.0,259769871.0,,92892542931.0,70449248417.0,1971206350.0,,194845004289.0,948533472.0,-6124775727.0,,13517823664.0,,231665950.0,1754280432.0,7284555049.0,-2080272818.0,14623316168.0,2815174496.0,462020480.0,,,,,,,,,,,
2011-12-31,279440323.0,50882929000.0,,10168285000.0,22607764327.0,,8766169000.0,8670015000.0,,147455000.0,25767999000.0,14055383000.0,-18775046936.0,-570973000.0,13517823664.0,-6237058371.0,2039484593.0,,2048459742.0,33125727093.0,-97271765000.0,5975884243.0,,274446427000.0,96597620000.0,36417338000.0,,,,-444797374.0,35549000.0,177174662000.0,-122240960.0,19582024000.0,164017429.0,96154000.0,8469503024.0,14814480000.0,230283000.0,13890179000.0,257415874000.0,220998536000.0,97699791000.0,-261174128.0,989357000.0,-229877760.0,2675654530.0,-286258389.0,,101260501000.0,69377605000.0,2161725553.0,0.0,197858121000.0,3333443000.0,-7240204273.0,,8552782000.0,,-229877760.0,1993155000.0,7525621000.0,-2619754182.0,15889179000.0,24656224069.0,-175158149.0,,,,,,,,,,,
2012-03-31,14572832.0,51479811227.0,,10302153935.0,2913840420.0,69452030.0,10559826993.0,10464387422.0,,530800583.0,11260659479.0,14055383440.0,-18178814507.0,-221847828.0,8552782233.0,-4282817998.0,4078956841.0,,1559945792.0,34261272913.0,,8013011569.0,,176379554025.0,87420399222.0,37952189407.0,,,,-144767160.0,5265802142.0,176379554025.0,1646247077.0,13258095919.0,485180206.0,95439571.0,29787486701.0,14687715275.0,1186794272.0,13535903586.0,257893982664.0,219941793257.0,105895595936.0,3730193571.0,2243247412.0,919359110.0,712093348.0,1161066871.0,130845394.0,110524723455.0,56990629208.0,2301864370.0,-81355140.0,197945122677.0,2929669778.0,-4492316498.0,,10386146965.0,,919359110.0,1804970699.0,7923125363.0,5071950833.0,15919821142.0,4473786212.0,2388165655.0,-2235749850.0,,,,,,,,,,
2012-06-30,,52123574000.0,,10196993000.0,8350835580.0,,13631325000.0,13535111000.0,,44213000.0,23348702000.0,14055383000.0,,-335080000.0,10386146965.0,,4063512553.0,,5950981208.0,32919200087.0,,4741906431.0,,,88836441000.0,41136351000.0,,,,,263667000.0,176729831000.0,1800472923.0,21001120000.0,509462794.0,96214000.0,18617383299.0,13490239000.0,212362000.0,14115133000.0,261411222000.0,220274871000.0,107774505000.0,9024724429.0,1029271000.0,1202603890.0,1550743652.0,1291010129.0,,111547955000.0,63104827000.0,2263039630.0,,200384396000.0,2414273000.0,-2525106502.0,,13394474000.0,,1202603890.0,1946631000.0,8086976000.0,,16291751000.0,14301816788.0,-1964510655.0,,,,,,,,,,,
2012-09-30,,54002322589.0,,10395686772.0,2920176764.0,,12246894542.0,12156886407.0,,302623516.0,8008848441.0,14055383440.0,,43348970.0,13394474000.0,,5604327941.0,,3343295237.0,32936493951.0,,8578724263.0,,,84663745376.0,35953805784.0,,,,,25664698102.0,177978690550.0,3400002630.0,15746699151.0,991447320.0,90008135.0,26673021950.0,12838813284.0,12799824365.0,13781995332.0,256902163559.0,220948357775.0,104377917880.0,-1786992166.0,2433611383.0,1986112328.0,744305285.0,2408555310.0,,109457515125.0,37930367214.0,2204325311.0,,194121260501.0,1259396052.0,-3444653009.0,,12063996352.0,,1986112328.0,1845993602.0,7313815827.0,,16655186537.0,6263472001.0,2261032704.0,,,,,,,,,,,
2012-12-31,-192367826.0,56130134000.0,,6422685000.0,15245081442.0,990355000.0,10599140000.0,10505387000.0,,55268000.0,7354260000.0,14055383000.0,-30107658657.0,7049517000.0,12063996352.0,-5241894571.0,4017828355.0,,10133950597.0,33177652127.0,-106877638000.0,5594439737.0,,288188448000.0,93594320000.0,36086261000.0,788623000.0,,1021650000.0,-4280840.0,1967467000.0,181310810000.0,1864226437.0,17306157000.0,493663314.0,93753000.0,7798620088.0,14953794000.0,1036201000.0,14417543000.0,259100372000.0,223014111000.0,95449512000.0,352545166.0,129928000.0,1317884353.0,3095024722.0,1370563123.0,,99545710000.0,71948542000.0,2153601918.0,324022091.0,193140030000.0,587144000.0,-4847527991.0,,10505387000.0,,1317884353.0,2011729000.0,7022384000.0,-8775564233.0,17649593000.0,25379032039.0,-6291524242.0,7145091412.0,,,,,,,,,,
2013-03-31,17463096.0,57926813102.0,,10269782405.0,2859806605.0,,11113842061.0,11113842061.0,105298706.0,118315522.0,8559728413.0,14055383440.0,-15854191591.0,-260338817.0,10505387385.0,-3406256029.0,6299592107.0,,4332163897.0,32136095981.0,,10491749914.0,,,88613554820.0,35566306771.0,,,,-9432279.0,36114934853.0,176958809535.0,4365757493.0,19704386502.0,1075503054.0,,24944125479.0,13911857271.0,1040539474.0,13641214816.0,256171934739.0,220605627968.0,94234600038.0,7085493885.0,2516407471.0,2553658195.0,778597216.0,3290254439.0,,99288022376.0,32399201580.0,1933834614.0,-78783840.0,187901577196.0,1216783838.0,-3346864240.0,,10994821652.0,,2553658195.0,1785121374.0,7439614742.0,319683662.0,17747649870.0,7191970502.0,1967428210.0,-1887627519.0,,,,,,,,,,
2013-06-30,,57817146000.0,,6201991000.0,10545290395.0,,15621406000.0,15621406000.0,,49453000.0,9893943000.0,14055383000.0,,6421147000.0,10994821652.0,,6698042893.0,,7983154103.0,31926233019.0,,10088716086.0,,180776485000.0,96177170000.0,39215652000.0,,,1031799000.0,,71140000.0,180776485000.0,4682985507.0,19976709000.0,1212558946.0,0.0,13397788521.0,13104594000.0,203869000.0,13870400000.0,262514602000.0,223298950000.0,93821827000.0,13494972115.0,81014000.0,3069081805.0,1701538784.0,3470426561.0,,97425855000.0,68293545000.0,2015057386.0,,193603025000.0,552258000.0,-3892278760.0,,15621406000.0,,3069081805.0,1966932000.0,6544903000.0,,19484684000.0,18528444498.0,-1368973210.0,,,,,,,,,,,
2013-09-30,,60613893306.0,,10171009560.0,3453976061.0,,10387169148.0,10387169148.0,,91434503.0,9059421313.0,14055383440.0,,-609807732.0,15621406000.0,,7467696290.0,,5658588006.0,35175588506.0,,11228445287.0,,,85754766628.0,31864875578.0,,,,,25994294703.0,179748356296.0,5580404597.0,23346541699.0,1537906494.0,,26063024439.0,12477691349.0,1394440248.0,12748663830.0,255668125034.0,223803249456.0,92999579790.0,606535368.0,2505095764.0,3292052522.0,890700871.0,4042498103.0,,97682224050.0,37859346270.0,1887291693.0,,183436990678.0,1059566091.0,-4693458292.0,,10310471575.0,,3292052522.0,1748848102.0,6112856097.0,,19242004763.0,9112564067.0,1809108284.0,,,,,,,,,,,
2013-12-31,474135783.0,62450665000.0,,6225935000.0,17235797255.0,705938000.0,9307184000.0,9307184000.0,,649398000.0,12277872000.0,14055383000.0,-24856556798.0,6268211000.0,10310471575.0,-7075419081.0,4551620148.0,,9080449984.0,33551102739.0,-115964307000.0,8430517713.0,,301870773000.0,98978845000.0,34186911000.0,783816000.0,,1203607000.0,-1976202522.0,2286605000.0,185906466000.0,2430510862.0,24780003000.0,680166787.0,0.0,7234855500.0,14812913000.0,1248987000.0,12758031000.0,262232760000.0,228045849000.0,84240221000.0,1355098632.0,85305000.0,1239350496.0,3508935077.0,1750344075.0,,88060941000.0,71559676000.0,2121109286.0,1909761652.0,187039786000.0,659752000.0,-7121648708.0,,9341672000.0,,1239350496.0,2032417000.0,6469026000.0,-8574982224.0,19789858000.0,26316247239.0,-4699552836.0,6131202609.0,,,,,,,,,,
2014-03-31,14415982.0,65743668887.0,,10447124970.0,2863739197.0,,9233213841.0,9233213841.0,384702400.0,85331080.0,10139628293.0,14055383440.0,-13084400649.0,-419886448.0,9341672995.0,-3360284837.0,8446980695.0,,5253364501.0,32825134731.0,,7036594905.0,,20994005656.0,93015874973.0,32783087278.0,,,,,10589700574.0,182185407890.0,6065717706.0,28352404684.0,1501964418.0,,24708031033.0,14038854605.0,1252628108.0,12434969568.0,259747520520.0,226964433242.0,82710993081.0,3676310068.0,2671971134.0,3682793355.0,770316025.0,4563753288.0,534043007.0,87551875813.0,60555744712.0,1847219982.0,-82179000.0,180567750786.0,1300447314.0,-2510998752.0,,8996766647.0,,3682793355.0,1825018919.0,6259910283.0,55195200.0,19728137761.0,8117103698.0,2659573187.0,-1992209907.0,,,,,,,,,,
2014-06-30,,64368873000.0,,6362556000.0,8647131803.0,,11660154000.0,11660154000.0,,67644000.0,10007677000.0,14055383000.0,,6759243000.0,8996766647.0,,7324637312.0,,9164554499.0,31780386269.0,,9211894095.0,,186932575000.0,102319640000.0,34837631000.0,,,1253932000.0,,55213000.0,186932575000.0,5444951294.0,26247328000.0,1587389582.0,0.0,13968699967.0,12655006000.0,199526000.0,13090776000.0,265576860000.0,230739229000.0,79714485000.0,12572178932.0,88282000.0,3125578645.0,1881342975.0,3857561712.0,,84563612000.0,72345597000.0,1879686018.0,,186883252000.0,754089000.0,-4103873248.0,,11660154000.0,,3125578645.0,2052316000.0,6690458000.0,,20226953000.0,17811686302.0,-1920733187.0,,,,,,,,,,,
2014-09-30,,66794158448.0,,10293718309.0,2495001992.0,93296105.0,9380936158.0,9380936158.0,,145918378.0,7620857022.0,14055383440.0,,,11660154000.0,,7162246643.0,,5241971462.0,30021976140.0,,7817957441.0,,,90511292474.0,29894419201.0,,,,,15834308073.0,185793139186.0,5307949430.0,29322957351.0,1290934363.0,,22285002686.0,10645507670.0,1333787725.0,12199639412.0,261839336095.0,231944916894.0,85173298022.0,-5338832162.0,3470398830.0,3293174051.0,870683097.0,4017015067.0,,90786191540.0,54525335984.0,1854297213.0,,181297484014.0,1530942492.0,-5421674173.0,,9079680463.0,,3293174051.0,1791216562.0,6740811822.0,,20924383721.0,7736973454.0,1920275181.0,,,,,,,,,,,
2014-12-31,60423261.0,70129491000.0,,6095723000.0,17809360125.0,649431000.0,12238367000.0,12238367000.0,,261135000.0,11685285000.0,14420383000.0,-29830609891.0,6001530000.0,9079680463.0,-7201526397.0,4574637160.0,,8887437293.0,29846872733.0,-127472921000.0,9253620559.0,,320805822000.0,104846121000.0,37865284000.0,751349000.0,,1022625000.0,-266868000.0,3082981000.0,193332901000.0,2312036053.0,30085379000.0,1089670336.0,0.0,3150075315.0,14087378000.0,1229487000.0,11725555000.0,275171768000.0,237306484000.0,80363993000.0,2052094162.0,441595000.0,761767318.0,3992745645.0,1222365717.0,,85542941000.0,74187003000.0,2262601107.0,219144000.0,190389062000.0,850390000.0,-7434266827.0,,12238367000.0,,761767318.0,1810755000.0,6702274000.0,-5554088088.0,21960287000.0,26696797418.0,-4472350133.0,5941580875.0,,,,,,,,,,
2015-03-31,14171203.0,70364642335.0,,11414083238.0,2865222067.0,235299095.0,9282019247.0,9282019247.0,126403984.0,458556330.0,9232789902.0,14420383440.0,-18242402394.0,-1032891469.0,13021415678.0,-5870356705.0,10145124493.0,,7747069158.0,34277583268.0,,11396872288.0,,26976256110.0,107793390844.0,34122517093.0,,,2521253353.0,-6514393200.0,19313863785.0,213041309882.0,8234712916.0,35351104091.0,2005037555.0,,23665292043.0,14118133856.0,1290001447.0,10794188067.0,294379004095.0,260256487002.0,93235454808.0,5526515583.0,1571715227.0,5034088983.0,922131342.0,6229675361.0,,99528145793.0,61710595147.0,1910411577.0,0.0,207321536637.0,1489828922.0,-12235216570.0,,8949288473.0,,5034088983.0,1618686621.0,6615851956.0,441969970.0,22247374637.0,10612291225.0,2398055335.0,-2854395405.0,,,,,,,,,,
2015-06-30,-302806187.0,74741088000.0,,6516003000.0,11922630933.0,,9992121000.0,9992121000.0,,80000000.0,11030738000.0,14420383000.0,-30993237606.0,6737252000.0,8949288473.0,-5484479295.0,8461731507.0,,9765642842.0,31027888732.0,,12651375712.0,,223659260000.0,123893775000.0,34334103000.0,,,1618009000.0,-2373488800.0,734223000.0,223659260000.0,6284374084.0,32612736000.0,1542318445.0,0.0,9339614957.0,12338030000.0,328576000.0,12719023000.0,305630652000.0,271296549000.0,83463509000.0,7166896417.0,99649000.0,3916695017.0,2314608658.0,4742055639.0,,89870151000.0,88082747000.0,2177357423.0,,213763926000.0,936302000.0,-8169732430.0,,9992121000.0,,3916695017.0,2832699000.0,6054347000.0,-2920391565.0,24194200000.0,21688273775.0,-1387589335.0,,,,,,,,,,,
2015-09-30,-131395889.0,74569062758.0,,12257662979.0,2942773602.0,,9827522018.0,9827522018.0,,491959506.0,7530064795.0,14420383440.0,-24509997807.0,495535582.0,9992121000.0,-6580909763.0,8853214064.0,,6664319044.0,31943846855.0,,11504299885.0,,25272681562.0,116748945684.0,30931810574.0,,,,-783048957.0,25307150333.0,215432815579.0,6736654968.0,37072553327.0,1615166151.0,,22336754209.0,11389399957.0,1242588487.0,10760445875.0,297296701887.0,266364891313.0,83501630305.0,4923390122.0,3287376359.0,4176176808.0,963682398.0,5121488817.0,,89893907183.0,68337610140.0,2116559096.0,,206642852867.0,1427313369.0,-7450732748.0,,9733210024.0,,4176176808.0,2573333076.0,5701531620.0,-8223674019.0,25380666878.0,9607092646.0,2188895020.0,,,,,,,,,,,
2015-12-31,1138548889.0,84141948000.0,,5776622000.0,22729970635.0,472886000.0,7478250000.0,7478250000.0,,139468000.0,9403088000.0,15200383000.0,-24655036193.0,6812191000.0,9733210024.0,-6391584237.0,3410071942.0,,8133661489.0,30497794099.0,-154564785000.0,6810160115.0,,382551621000.0,123836633000.0,33565403000.0,1054246000.0,,1257877000.0,-106731043.0,3524131000.0,227986836000.0,1427316262.0,37313885000.0,471985371.0,0.0,-365838025.0,14401665000.0,1039211000.0,11677182000.0,308866354000.0,275300951000.0,77289345000.0,418575878.0,961312000.0,417180291.0,5142723050.0,955330891.0,,83336032000.0,93063061000.0,1982755680.0,,207172665000.0,867944000.0,-5159330252.0,,7478250000.0,,417180291.0,2494143000.0,5422732000.0,-6593080422.0,24823055000.0,30863632124.0,-4884312547.0,8187853441.0,,,,,,,,,,
2016-03-31,0.0,83788102361.0,,12057612876.0,2592516705.0,224261934.0,9057935804.0,9057935804.0,275967629.0,426643385.0,7651638029.0,15200383440.0,-28675116272.0,565656827.0,7478249522.0,-4955045946.0,8303712109.0,,6552578463.0,28822825636.0,,13421866712.0,,20560763894.0,111659501283.0,30977034475.0,,,2581151383.0,0.0,20370229504.0,213711020166.0,6624466165.0,41554051164.0,1628309120.0,,19677730468.0,12255625737.0,1294636530.0,10364680703.0,297904388776.0,266927354301.0,78925276369.0,8466820766.0,1376627821.0,3947576869.0,901016007.0,4996157045.0,,84855319295.0,68729648949.0,1679245944.0,-2000.0,196514820578.0,4794596194.0,-4668999771.0,,8980101929.0,,3947576869.0,1405431296.0,5156493294.0,-4557079.0,24567709384.0,9145095168.0,1751133646.0,-1724966190.0,,,,,,,,,,
2016-06-30,223130371.0,84173822000.0,,6020461000.0,11473143295.0,,8858985000.0,8858985000.0,,127564000.0,8734732000.0,15200383000.0,-45293197728.0,7677910000.0,8980101929.0,-2362189054.0,5085068891.0,,6185976537.0,24101545364.0,,6043792288.0,,227291579000.0,115721525000.0,31100598000.0,,,1213009000.0,0.0,393343000.0,227291579000.0,3384811835.0,36346545000.0,785694880.0,0.0,6442425532.0,11025547000.0,348342000.0,12404802000.0,307107004000.0,276006406000.0,83178953000.0,3681603234.0,944198000.0,2229263131.0,2530384993.0,2599116955.0,,88958649000.0,81025886000.0,1700257056.0,,204680174000.0,744126000.0,-2149139229.0,,8858985000.0,,2229263131.0,2685532000.0,5334865000.0,-2620845731.0,24882186000.0,17659119832.0,-1172677646.0,,,,,,,,,,,
2016-09-30,44436979.0,82776358171.0,,12033915252.0,2322077139.0,236622856.0,7650272841.0,7650272841.0,,468666268.0,8176194048.0,15200383440.0,-25809830079.0,1286588198.0,8858985000.0,-5099048911.0,6623906288.0,,4963980857.0,30296259772.0,,7933659462.0,,27281877092.0,112359770727.0,30456252314.0,,,2588553639.0,-2332825.0,23948201655.0,218570341880.0,4911405535.0,39806890322.0,1157629523.0,,23010201776.0,12195114608.0,1233694328.0,10583139764.0,299723834000.0,269267581686.0,83105912166.0,2834610551.0,999528540.0,3096386557.0,836429875.0,3753776012.0,,88676952635.0,64208653215.0,1712500753.0,,201036723362.0,1355404670.0,-4776759534.0,,7596379238.0,,3096386557.0,1585170301.0,5708341112.0,-9021846162.0,25281363453.0,7286057996.0,1659925431.0,,,,,,,,,,,
2016-12-31,,86002995000.0,,5906778000.0,,365887000.0,7810501000.0,7810501000.0,,278602000.0,12059004000.0,15200383000.0,,7352149000.0,,,,,,,-170193133000.0,,,401711289000.0,130196251000.0,36966616000.0,440791000.0,,1296622000.0,,3164921000.0,231518156000.0,,38690132000.0,,0.0,,14050096000.0,816936000.0,12135729000.0,314839739000.0,277873123000.0,77173332000.0,,1002675000.0,,,,,82456751000.0,97835598000.0,,,212653002000.0,797370000.0,,,,,,2262752000.0,6879143000.0,,23038145000.0,,,,,,,,,,,,,
2017-03-31,14873800.0,73844879300.0,15200383440.0,14277062900.0,1201117800.0,262472600.0,11143444100.0,11143444100.0,876181300.0,3116395800.0,11626697200.0,15200383400.0,-46753048700.0,9157075100.0,7810501000.0,-4908334000.0,3639314000.0,5606359600.0,3422636700.0,37577079000.0,,7648994300.0,3291019500.0,273027940700.0,159579672900.0,45362037600.0,,0.4,3820782000.0,-5975034800.0,27898788500.0,273027940700.0,1462917400.0,35457343200.0,493018600.0,0.0,32953324500.0,17401696700.0,880589200.0,12271917700.0,375542682200.0,330180644600.0,115645660600.0,2740660300.0,1706431900.0,651979300.0,887403600.0,969898800.0,,122893920000.0,92434707600.0,2176396600.0,-5000000.0,282473592900.0,3134312900.0,-9993243800.0,15200383440.0,11101520500.0,0.4,651979300.0,1385876100.0,6970829400.0,-2141303600.0,23452619300.0,4623754500.0,216677300.0,-386490100.0,,,,,,,,,,
2017-06-30,1015789200.0,82167580000.0,,6165997000.0,17593595200.0,,12125254000.0,12125254000.0,,2445767000.0,16092663000.0,15200383000.0,-27447368300.0,7639261000.0,11101520500.0,-5574607000.0,1843363000.0,4662425400.0,1644377300.0,33856610000.0,-2247562000.0,6653020700.0,1033060500.0,298800618000.0,169497268000.0,50532702000.0,,,1453204000.0,-4842072200.0,5543844000.0,296553056000.0,-642881400.0,34525965000.0,-14143600.0,,14618637500.0,17264031000.0,503634000.0,15549874000.0,399125211000.0,348592509000.0,115506757000.0,1078413700.0,2081224000.0,-408035300.0,3426855400.0,-628737800.0,,125157458000.0,126038437000.0,2486244400.0,,294654726000.0,1749411000.0,-10276141200.0,,12134581000.0,,-408035300.0,4752552000.0,8398282000.0,1229307600.0,23663313000.0,19237972500.0,103751700.0,-2658509900.0,,,,,,,,,,
2017-12-31,,87641566000.0,,6260401000.0,,1504926000.0,9282390000.0,9282390000.0,,615013000.0,15496475000.0,15200383000.0,,7464976000.0,,,,,,,-189959257000.0,,,485552135000.0,155950488000.0,48537710000.0,430703000.0,,3250650000.0,,4578230000.0,295592878000.0,,35793257000.0,,,,21948753000.0,947302000.0,15484120000.0,396589511000.0,348051801000.0,123024791000.0,,904691000.0,,,,,133024419000.0,113415196000.0,,,288974907000.0,1904381000.0,,,,,,4566680000.0,7385411000.0,,21122616000.0,,,,,,,,,,,,,
2018-06-30,,87784788000.0,,5526828000.0,,593675000.0,16264513000.0,16264513000.0,,,35526103000.0,15200383000.0,,7271162000.0,,,,,,,,,,290035128000.0,141276474000.0,56185714000.0,,,,,319966000.0,290035128000.0,,35877891000.0,,,,24878005000.0,1006955000.0,15387868000.0,398785889000.0,342600175000.0,139045280000.0,,5363068000.0,,,,,148755333000.0,101817673000.0,,,290031807000.0,7554585000.0,,,,,,4288212000.0,8950286000.0,,21775096000.0,,,,,,,,,,,,,
2018-12-31,,94435418000.0,,6224699000.0,,1976647000.0,15402578000.0,15402578000.0,,550832000.0,14683707000.0,15698093000.0,,7799693000.0,,,,,,,-247470463000.0,,,540981769000.0,138206214000.0,61799069000.0,231299000.0,,3863854000.0,,6219387000.0,293511306000.0,,34665305000.0,,,,24804671000.0,1152767000.0,15572227000.0,419903311000.0,358104242000.0,155532824000.0,,965156000.0,,,,,165575427000.0,97194554000.0,,,303781641000.0,2769078000.0,,,,,,3866159000.0,9543691000.0,,21637383000.0,,,,,,,,,,,,,
2019-06-30,,96955693000.0,,6006500000.0,,522873000.0,12944695000.0,12944695000.0,,551617000.0,14510296000.0,15698093000.0,,7816617000.0,,,,,,,,,,290944360000.0,147350636000.0,60146363000.0,,,3733961000.0,,4826400000.0,290944360000.0,,36265139000.0,,,,23437237000.0,1618471000.0,15732935000.0,417494327000.0,357347964000.0,140586821000.0,,898326000.0,,,,,151043011000.0,110629614000.0,,,298393647000.0,2866599000.0,,,,,,4075432000.0,10270284000.0,,22772382000.0,,,,,,,,,,,,,
