date,quarterlyDilutedAverageShares,quarterlyAccountsReceivable,quarterlyCostOfRevenue,quarterlyTotalAssets,quarterlyTotalNonCurrentAssets,quarterlyChangeInCashSupplementalAsReported,quarterlyOtherNonCurrentLiabilities,quarterlyOtherCurrentLiabilities,quarterlyOtherShortTermInvestments,quarterlyTotalNonCurrentLiabilitiesNetMinorityInterest,quarterlyLongTermDebt,quarterlyNetIncomeContinuousOperations,quarterlyGoodwill,quarterlyNetIncome,quarterlySellingGeneralAndAdministration,quarterlyInventory,quarterlyInvestingCashFlow,quarterlyEndCashPosition,quarterlyNetIncomeCommonStockholders,quarterlyCashCashEquivalentsAndMarketableSecurities,quarterlyCashAndCashEquivalents,quarterlyCurrentDebt,quarterlyInterestExpense,quarterlyOtherIntangibleAssets,quarterlyDepreciationAndAmortization,quarterlyTotalLiabilitiesNetMinorityInterest,quarterlyNetOtherFinancingCharges,quarterlyFreeCashFlow,quarterlyOtherNonCurrentAssets,quarterlyNetOtherInvestingChanges,quarterlyChangeInInventory,quarterlyOtherCurrentAssets,quarterlyBeginningCashPosition,quarterlyCapitalStock,quarterlyDilutedEPS,quarterlyAccountsPayable,quarterlyGrossProfit,quarterlyOperatingExpense,quarterlyStockholdersEquity,quarterlyNonCurrentDeferredTaxesLiabilities,quarterlyBasicAverageShares,quarterlyNetPPE,quarterlyBasicEPS,quarterlyRepaymentOfDebt,quarterlyTaxProvision,quarterlyOtherNonCashItems,quarterlyEbitda,quarterlyRetainedEarnings,quarterlyPurchaseOfBusiness,quarterlyGrossPPE,quarterlyCurrentLiabilities,quarterlyCurrentAssets,quarterlyChangeInWorkingCapital,quarterlyNonCurrentDeferredRevenue,quarterlyPretaxIncome,quarterlyOperatingIncome,quarterlyCapitalExpenditure,quarterlyTotalRevenue,quarterlyAccumulatedDepreciation,quarterlyOperatingCashFlow,quarterlyOtherIncomeExpense,quarterlyStockBasedCompensation,quarterlyInvestmentsAndAdvances,quarterlyRepurchaseOfCapitalStock,quarterlyResearchAndDevelopment,quarterlyIncomeTaxPayable,quarterlyDeferredIncomeTax,quarterlyCommonStockIssuance,quarterlyCashFlowFromContinuingFinancingActivities,quarterlyPurchaseOfInvestment,quarterlyGainsLossesNotAffectingRetainedEarnings,quarterlyCashDividendsPaid,quarterlyChangesInAccountReceivables,quarterlySaleOfInvestment,quarterlyCurrentAccruedExpenses,quarterlyCurrentDeferredRevenue,quarterlyChangeInAccountPayable
2009-03-31,492764900.0,,28706000.0,,,98525000.0,,,,,,25472000.0,,25472000.0,114476000.0,,-24088000.0,216994000.0,25472000.0,,,,2439000.0,,10510000.0,,0.0,62858000.0,,-2000.0,-5796000.0,,118469000.0,,0.0517,,158399000.0,124051000.0,,,492764900.0,,0.0517,-9258000.0,9886000.0,1632000.0,48307000.0,,,,,,47803000.0,,35358000.0,34348000.0,-24574000.0,187105000.0,,87432000.0,,,,,,,,,,,,,,,,,
2009-06-30,492764900.0,,33462000.0,,,28750000.0,,,,,,33649000.0,,33649000.0,154097000.0,,-33288000.0,245744000.0,33649000.0,,,,2743000.0,,10684000.0,,0.0,8120000.0,,-29998000.0,3277000.0,,216994000.0,,0.068286,,208367000.0,165033000.0,,,492764900.0,,0.068286,-4065000.0,11611000.0,1996000.0,58687000.0,,,,,,-30583000.0,,45260000.0,43334000.0,-11829000.0,241829000.0,,19949000.0,,,,,,,,,,,,,,,,,
2009-09-30,492764900.0,,40619000.0,,,-3741000.0,,,,,,39896000.0,,39896000.0,164169000.0,,-20148000.0,242003000.0,39896000.0,,,,2165000.0,,10501000.0,,0.0,34714000.0,,-15126000.0,2897000.0,,245744000.0,,0.080964,,219455000.0,174682000.0,,,492764900.0,,0.080964,-90582000.0,8363000.0,-10799000.0,60925000.0,,0.0,,,,-14131000.0,,48259000.0,44773000.0,-5739000.0,260074000.0,,40453000.0,,,,,,,,,,,,,,,,,
2009-12-31,,303276000.0,33177000.0,1523975000.0,788596000.0,33308000.0,5250000.0,2110000.0,45126000.0,105392000.0,30000000.0,30146000.0,188212000.0,24528000.0,176856000.0,57630000.0,11296000.0,275311000.0,24528000.0,320437000.0,275311000.0,170687000.0,2555000.0,367086000.0,13145000.0,429240000.0,0.0,32956000.0,0.0,44267000.0,3552000.0,1739000.0,242003000.0,81180000.0,,13450000.0,232565000.0,193040000.0,987298000.0,70142000.0,,205001000.0,,-60811000.0,7184000.0,14602000.0,53030000.0,478138000.0,,328785000.0,323848000.0,735379000.0,-16398000.0,,37330000.0,39525000.0,17633000.0,265742000.0,-123784000.0,15323000.0,,,,,,,,,,,,,,,,,
2010-03-31,492764900.0,320334000.0,40508000.0,1628607000.0,806107000.0,73249000.0,6140000.0,2110000.0,45126000.0,81046000.0,0.0,44647000.0,188212000.0,40905000.0,193070000.0,64747000.0,-29347000.0,348560000.0,40905000.0,393686000.0,348560000.0,247179000.0,2452000.0,378431000.0,12457000.0,489106000.0,0.0,26096000.0,0.0,0.0,-7117000.0,1739000.0,275311000.0,81180000.0,0.083,15942000.0,267004000.0,204672000.0,1028322000.0,74906000.0,492764900.0,211361000.0,0.083,-48500000.0,16449000.0,1420000.0,76005000.0,,,211361000.0,408060000.0,822500000.0,-12972000.0,,61096000.0,62332000.0,-30000000.0,307512000.0,,56096000.0,,,,,,,,,,,,,,,,,
2010-06-30,492764900.0,355071000.0,48525000.0,1702621000.0,804363000.0,54618000.0,9635000.0,7867000.0,15126000.0,90375000.0,0.0,52815000.0,188212000.0,48969000.0,213264000.0,65283000.0,48186000.0,403178000.0,48969000.0,418304000.0,403178000.0,240129000.0,3400000.0,372086000.0,12170000.0,516221000.0,0.0,33747000.0,0.0,26900000.0,-536000.0,1739000.0,348560000.0,81180000.0,0.099376,13502000.0,294681000.0,221368000.0,1071375000.0,80740000.0,492764900.0,212840000.0,0.099376,-142058000.0,18370000.0,2007000.0,86755000.0,,,212840000.0,425846000.0,898258000.0,-52376000.0,,71185000.0,73313000.0,20257000.0,343206000.0,,13490000.0,,,,,,,,,,,,,,,,,
2010-09-30,492764900.0,360838000.0,42568000.0,1778515000.0,826679000.0,-1376000.0,9635000.0,5920000.0,54500000.0,87441000.0,1499000.0,43965000.0,188212000.0,41912000.0,252002000.0,65634000.0,-75377000.0,401802000.0,41912000.0,456302000.0,401802000.0,240412000.0,2220000.0,365287000.0,12688000.0,541244000.0,0.0,35440000.0,0.0,-39374000.0,-351000.0,1676000.0,403178000.0,81180000.0,0.085055,14581000.0,329605000.0,273797000.0,1114865000.0,76307000.0,492764900.0,243206000.0,0.085055,-55126000.0,10860000.0,1607000.0,69733000.0,,0.0,243206000.0,453803000.0,951836000.0,17166000.0,,54825000.0,55808000.0,-36776000.0,372173000.0,,72216000.0,,,,,,,,,,,,,,,,,
2010-12-31,,327266000.0,72646000.0,1822167000.0,926807000.0,-1667000.0,29740000.0,18810000.0,54500000.0,114985000.0,1318000.0,8976000.0,188212000.0,4316000.0,215058000.0,73279000.0,-134518000.0,400135000.0,4316000.0,454635000.0,400135000.0,264140000.0,3253000.0,340500000.0,32894000.0,573984000.0,-3100000.0,18289000.0,0.0,0.0,-6487000.0,890000.0,401802000.0,81180000.0,,20296000.0,245358000.0,234919000.0,1126445000.0,81538000.0,,319397000.0,,-49407000.0,-663000.0,1146000.0,44460000.0,460498000.0,-43081000.0,464656000.0,458999000.0,895360000.0,99062000.0,,8313000.0,10439000.0,-94118000.0,318004000.0,-145259000.0,112407000.0,,,,,,,,,,,,,,,,,
2011-03-31,492764900.0,339910000.0,58279000.0,1887537000.0,934636000.0,22152000.0,8016000.0,46120000.0,54500000.0,92517000.0,1300000.0,32686000.0,188212000.0,27403000.0,236647000.0,75000000.0,-30461000.0,422287000.0,27403000.0,476787000.0,422287000.0,265147000.0,4281000.0,330018000.0,23423000.0,609860000.0,0.0,20935000.0,0.0,0.0,-2611000.0,1780000.0,400135000.0,81180000.0,0.0556,16987000.0,311900000.0,261988000.0,1150656000.0,83201000.0,492764900.0,340150000.0,0.0556,-113390000.0,13717000.0,3417000.0,74107000.0,,,,517343000.0,952901000.0,-9127000.0,,46403000.0,49912000.0,-31068000.0,370179000.0,,52003000.0,,,,,,,,,,,,,,,,,
2011-06-30,492764900.0,393669000.0,57725000.0,2043960000.0,1025653000.0,10181000.0,8037000.0,59723000.0,54500000.0,96009000.0,1272000.0,35082000.0,188212000.0,30532000.0,270742000.0,79770000.0,-93537000.0,432468000.0,30532000.0,486968000.0,432468000.0,334379000.0,4604000.0,357593000.0,13658000.0,727166000.0,0.0,-60666000.0,0.0,0.0,-4788000.0,1798000.0,422287000.0,81180000.0,0.061961,14985000.0,361802000.0,309061000.0,1185222000.0,86700000.0,492764900.0,364028000.0,0.061961,-114610000.0,14734000.0,2794000.0,68078000.0,,,,631157000.0,1018307000.0,-16887000.0,,49816000.0,52741000.0,-94994000.0,419527000.0,,34328000.0,,,,,,,,,,,,,,,,,
2011-09-30,492764900.0,458910000.0,84429000.0,2339927000.0,1321094000.0,-53977000.0,25292000.0,68860000.0,4911000.0,114575000.0,1157000.0,43546000.0,394636000.0,39470000.0,288567000.0,102222000.0,-302919000.0,378491000.0,39470000.0,383402000.0,378491000.0,506402000.0,8427000.0,357170000.0,19120000.0,987899000.0,0.0,22437000.0,0.0,49589000.0,10443000.0,1796000.0,432468000.0,81180000.0,0.0801,26584000.0,389067000.0,325720000.0,1216381000.0,88126000.0,492764900.0,448763000.0,0.0801,-77936000.0,13306000.0,6274000.0,84399000.0,,-287260000.0,,873324000.0,1018833000.0,33194000.0,,56852000.0,63347000.0,-67012000.0,473496000.0,,89449000.0,,,,,,,,,,,,,,,,,
2011-12-31,,455326000.0,100688000.0,2454387000.0,1524214000.0,-126990000.0,60502000.0,28310000.0,79009000.0,159013000.0,2000000.0,54912000.0,359356000.0,54219000.0,335721000.0,105382000.0,-216207000.0,251501000.0,54219000.0,330510000.0,251501000.0,453815000.0,2324000.0,406462000.0,22750000.0,1050000000.0,-9135000.0,4082000.0,0.0,-87760000.0,-12214000.0,890000.0,378491000.0,81180000.0,,34331000.0,410500000.0,361104000.0,1277182000.0,93983000.0,,669728000.0,,-142793000.0,-6855000.0,1977000.0,73131000.0,585645000.0,15336000.0,839365000.0,890987000.0,930173000.0,105789000.0,,48057000.0,49396000.0,-145156000.0,511188000.0,-169637000.0,149238000.0,,,,,,,,,,,,,,,,,
2012-03-31,492764900.0,505560000.0,80535000.0,2584332000.0,1553142000.0,91694000.0,58716000.0,32422000.0,10600000.0,159496000.0,3934000.0,43289000.0,359356000.0,40566000.0,339426000.0,104994000.0,19583000.0,343195000.0,40566000.0,353795000.0,343195000.0,555591000.0,9671000.0,393549000.0,25556000.0,1137989000.0,0.0,-80933000.0,0.0,68409000.0,388000.0,1812000.0,251501000.0,81180000.0,0.0823,28608000.0,441294000.0,376895000.0,1316415000.0,94241000.0,492764900.0,697475000.0,0.0823,-80224000.0,12485000.0,8349000.0,91001000.0,,,,978493000.0,1031190000.0,-80400000.0,,55774000.0,64399000.0,-49334000.0,521829000.0,,-31599000.0,,,,,,,,,,,,,,,,,
2012-06-30,492764900.0,512294000.0,80229000.0,2669867000.0,1587091000.0,44484000.0,58602000.0,34375000.0,10600000.0,202039000.0,48446000.0,50246000.0,347356000.0,47066000.0,318240000.0,112242000.0,-60751000.0,387679000.0,47066000.0,398279000.0,387679000.0,541154000.0,11351000.0,382836000.0,20636000.0,1174868000.0,0.0,11256000.0,0.0,0.0,-8170000.0,1812000.0,343195000.0,81180000.0,0.0955,22322000.0,423126000.0,357539000.0,1361891000.0,92412000.0,492764900.0,752041000.0,0.0955,-243094000.0,5829000.0,7825000.0,88062000.0,,,,972829000.0,1082776000.0,8058000.0,,56075000.0,65587000.0,-63904000.0,503355000.0,,75160000.0,,,,,,,,,,,,,,,,,
2013-12-31,,391267000.0,,3387463000.0,1735093000.0,,78684000.0,74436000.0,10000000.0,186785000.0,9387000.0,,347356000.0,,,234733000.0,,,,343150000.0,333150000.0,735777000.0,,136301000.0,,1489768000.0,,,0.0,,,177485000.0,,81180000.0,,69369000.0,,,1769042000.0,98714000.0,,1113114000.0,,,,,,992058000.0,,1345955000.0,1302983000.0,1652370000.0,,,,,,,-232841000.0,,,,,,,,,,,,,,,,,,
2014-06-30,,558465000.0,,3464482000.0,1779280000.0,,94313000.0,51551000.0,40000000.0,193834000.0,759000.0,,347356000.0,,,226316000.0,,,,342542000.0,302542000.0,1013122000.0,,124483000.0,,1808839000.0,,,0.0,,,0.0,,72624000.0,,58819000.0,,,1529525000.0,98762000.0,,1122465000.0,,,,,,912687000.0,,1122465000.0,1615005000.0,1685202000.0,,,,,,,,,,,,,,,,,,,,,,,,,
2014-12-31,,633002000.0,,6130756000.0,2604801000.0,,106605000.0,37049000.0,1845392000.0,204960000.0,638000.0,,347356000.0,,,251198000.0,,,,2177255000.0,331863000.0,304760000.0,,145888000.0,,1093196000.0,,,0.0,,,127215000.0,,427269000.0,,59044000.0,,,4907598000.0,97717000.0,,1286344000.0,,,,,,1206771000.0,,1576574000.0,888236000.0,3525955000.0,,,,,,,-290230000.0,,,,,,,,,,,,,,,,,,
2015-06-30,,859834000.0,,6943969000.0,1914748000.0,,108355000.0,37795000.0,1938290000.0,204960000.0,558000.0,,347356000.0,,,223366000.0,,,,3015710000.0,1077420000.0,602840000.0,,134545000.0,,1519619000.0,,,0.0,,,540000000.0,,427269000.0,,56362000.0,,,5290333000.0,96047000.0,,1314753000.0,,,,,,1592208000.0,,1314753000.0,1314659000.0,5029221000.0,,,,,,,,,,,,,,,,,,,,,,,,,
2015-12-31,,620430000.0,,7052922000.0,1981478000.0,,115150000.0,25155000.0,2362709000.0,207964000.0,493000.0,,347356000.0,,,285609000.0,,,,3206383000.0,843674000.0,502084000.0,,126216000.0,,1253391000.0,,,0.0,,,960591000.0,,427269000.0,,83219000.0,,,5663961000.0,92321000.0,,1382075000.0,,,,,,1930906000.0,,1730266000.0,1045427000.0,5071444000.0,,,,,,,-348191000.0,,,,,,,,,,,,,,,,,,
2016-06-30,,753230000.0,,9263302000.0,2109580000.0,,77591000.0,67536000.0,761349000.0,173846000.0,455000.0,,347356000.0,,,330203000.0,,,,3920995000.0,3159646000.0,2240954000.0,,119320000.0,,3037339000.0,,,0.0,,,145000000.0,,427269000.0,,93610000.0,,,6091871000.0,95800000.0,,1475506000.0,,,,,,2355475000.0,,1475506000.0,2863493000.0,7153722000.0,,,,,,,,,,,,,,,,,,,,,,,,,
2016-12-31,,952639000.0,,9205847000.0,3923390000.0,,121595000.0,62168000.0,2349622000.0,269070000.0,0.0,,995921000.0,,,452670000.0,,,,2747397000.0,397775000.0,1623597000.0,,855676000.0,,2643846000.0,,,0.0,,,876338000.0,,427269000.0,,116142000.0,,,6428543000.0,121435000.0,,1925244000.0,,,,,,2667244000.0,,2518032000.0,2374776000.0,5282457000.0,,25668000.0,,,,,-592788000.0,,,,,,,,,,,,,,,,,,
2017-06-30,,728957000.0,,10827664000.0,4152897000.0,,123906000.0,52374000.0,1491908000.0,259357000.0,0.0,,1032244000.0,,,440335000.0,,,,2925496000.0,1433588000.0,3185431000.0,,859033000.0,,4255801000.0,,,0.0,,,642626000.0,,427269000.0,,110972000.0,,,6435926000.0,104627000.0,,2084522000.0,,,,,,2936336000.0,,2084522000.0,3996444000.0,6674767000.0,,30517000.0,,,,,,,,,,,,,,,,,,,,,,,
2017-12-31,,912016000.0,,10760400000.0,4464468000.0,,73588000.0,57833000.0,2575499000.0,209687000.0,,,1036902000.0,,,420356000.0,,,,3841371000.0,1265872000.0,2860979000.0,,828702000.0,,3864484000.0,,,,,,,,427269000.0,,104599000.0,,,6768403000.0,96445000.0,,2233300000.0,,,,,,,,2968372000.0,3654797000.0,6295932000.0,,34041000.0,,,,,-735072000.0,,,,,,,,,,,,,,,,,,
2018-06-30,,908032000.0,,16157003000.0,8303563000.0,,75281000.0,57985000.0,2688678000.0,2042602000.0,,,1023574000.0,,,529245000.0,,,,4484213000.0,1795535000.0,5941141000.0,,4343679000.0,,8829387000.0,,,,,,,,421337000.0,,132822000.0,,,7199587000.0,98377000.0,,2612216000.0,,,,,,,,2612216000.0,6786785000.0,7853440000.0,,36635000.0,,,,,,,,,,,,,,,,,,,,,,,
2018-12-31,,1139283000.0,,17538810000.0,8863502000.0,,108714000.0,42090000.0,3189707000.0,1401851000.0,847508000.0,,1040879000.0,,,585609000.0,,,,4862572000.0,1672865000.0,5290397000.0,,4445063000.0,,9604781000.0,,,,,,,,421337000.0,,279750000.0,,,7808413000.0,88998000.0,,3054188000.0,,,,,,,,3942897000.0,8202930000.0,8675308000.0,,40907000.0,,,,,-888709000.0,,,,,,,,,,,,,,,,,,
2019-06-30,,1296129000.0,,18595933000.0,9264223000.0,,122211000.0,24267000.0,3942224000.0,2514421000.0,1906523000.0,,1038201000.0,,,636113000.0,,,,5215136000.0,1272912000.0,,,4429464000.0,,10072006000.0,,,,,,,,421337000.0,,568185000.0,,,8393538000.0,128560000.0,,3246165000.0,,,,,,,,3246165000.0,7557585000.0,9331710000.0,,44072000.0,,,,,,,,,,,,,,,,,,,,,,,
