date,quarterlyOtherNonCurrentLiabilities,quarterlyOtherCurrentLiabilities,quarterlyChangeInCashSupplementalAsReported,quarterlyLongTermDebt,quarterlyCurrentAccruedExpenses,quarterlyCostOfRevenue,quarterlyAccountsReceivable,quarterlyTotalNonCurrentAssets,quarterlyTotalAssets,quarterlyTotalNonCurrentLiabilitiesNetMinorityInterest,quarterlyDepreciationAndAmortization,quarterlyInterestExpense,quarterlyNetIncomeContinuousOperations,quarterlyGoodwill,quarterlyNetIncome,quarterlyDilutedAverageShares,quarterlyOtherIncomeExpense,quarterlySellingGeneralAndAdministration,quarterlyNonCurrentDeferredTaxesLiabilities,quarterlyCashAndCashEquivalents,quarterlyBasicEPS,quarterlyCurrentDeferredRevenue,quarterlyBasicAverageShares,quarterlyCashCashEquivalentsAndMarketableSecurities,quarterlyCashDividendsPaid,quarterlyOperatingExpense,quarterlyEndCashPosition,quarterlyNetIncomeCommonStockholders,quarterlyOtherIntangibleAssets,quarterlyInvestingCashFlow,quarterlyNetOtherFinancingCharges,quarterlyTotalLiabilitiesNetMinorityInterest,quarterlyFreeCashFlow,quarterlyOtherNonCurrentAssets,quarterlyOtherCurrentAssets,quarterlyDilutedEPS,quarterlyChangesInAccountReceivables,quarterlyAccountsPayable,quarterlyChangeInAccountPayable,quarterlyCapitalStock,quarterlyGrossProfit,quarterlyBeginningCashPosition,quarterlyStockholdersEquity,quarterlyGainsLossesNotAffectingRetainedEarnings,quarterlyNetOtherInvestingChanges,quarterlyRepaymentOfDebt,quarterlyTaxProvision,quarterlyOtherNonCashItems,quarterlyStockBasedCompensation,quarterlyAccumulatedDepreciation,quarterlyEbitda,quarterlyChangeInWorkingCapital,quarterlyNonCurrentDeferredRevenue,quarterlyRetainedEarnings,quarterlyCashFlowFromContinuingFinancingActivities,quarterlyCommonStockIssuance,quarterlyCapitalExpenditure,quarterlyTotalRevenue,quarterlyOperatingCashFlow,quarterlyGrossPPE,quarterlyOperatingIncome,quarterlyNetPPE,quarterlyCurrentAssets,quarterlyPretaxIncome,quarterlyCurrentLiabilities,quarterlyDeferredIncomeTax,quarterlyPurchaseOfBusiness,quarterlyRepurchaseOfCapitalStock,quarterlyInventory,quarterlyResearchAndDevelopment,quarterlyCurrentDebt,quarterlyPurchaseOfInvestment,quarterlySaleOfInvestment,quarterlyInvestmentsAndAdvances,quarterlyChangeInInventory,quarterlyOtherShortTermInvestments,quarterlyIncomeTaxPayable
2015-03-31,,,0,,,12562000,,,,,45427000,,-60753000,,-60753000,208076923.0,0,2764000,,,-0.291974,,208076923.0,,,48191000,0,-60753000,,-11165000,26491000,,-26491000,,,-0.291974,,,,,-12562000,0,,,0.0,,0.0,,,,-15326000,,,,26491000,,-11165000.0,0,-15326000,,-60753000,,,-60753000,,,,,,,,,,,,,
2015-06-30,,,0,,,12819000,,,,,46190000,0.0,-61538000,,0,208076923.0,0,2529000,,,0.0,,208076923.0,,,48719000,0,0,,-3614000,18962000,,-18962000,,,0.0,,,,,-12819000,0,,,0.0,,,,,,-15348000,,,,18962000,,-3614000.0,0,-15348000,,-61538000,,,-61538000,,,,,,,,,,,,,
2015-09-30,,,0,,,12058000,,,,,54188000,0.0,-68775000,,0,208076923.0,0,2529000,,,0.0,,208076923.0,,,56717000,0,0,,-9796000,24383000,,-24383000,,,0.0,0.0,,0.0,,-12058000,0,,,0.0,0.0,0.0,,0.0,,-14587000,0.0,,,24383000,0.0,-9796000.0,0,-14587000,,-68775000,,,-68775000,,,,,,,,,,,,,
2015-12-31,0.0,,0,3142625000.0,,10683000,,7804339000.0,7915539000.0,3142625000.0,51011000,,-70888000,,-261954000,,0,2529000,,111200000.0,,,,111200000.0,,53540000,0,-261954000,,-104733000,117945000,3142625000.0,-117945000,10700000.0,0.0,,,,,0.0,-10683000,0,1147335000.0,,0.0,,0.0,,,-2171546000.0,-13212000,,,,117945000,,-104733000.0,0,-13212000,9965185000.0,-64223000,7793639000.0,111200000.0,-70888000,0.0,,,,,,,,,,,,
2016-03-31,,0.0,0,,,13236000,,7852529000.0,7852529000.0,0.0,51476000,,-67970000,,-67970000,208076923.0,-874000,2384000,,,-0.326658,,208076923.0,,,53860000,0,-67970000,,-111241000,126861000,1749374000.0,-126861000,,,-0.326658,,,,6103155000.0,-13236000,0,6103155000.0,,0.0,,0.0,874000.0,,-2223660000.0,-15620000,,,,126861000,,-111241000.0,0,-15620000,10076189000.0,-67096000,7852529000.0,,-67970000,1749374000.0,,,,,,,,,,,,
2016-06-30,0.0,0.0,338034000,3134791000.0,11888000.0,13305000,4273000.0,7847707000.0,8201007000.0,3155680000.0,53124000,29475000.0,9646000,,6953000,215355805.0,-407000,4947000,0.0,338034000.0,0.12,20889000.0,215355805.0,338034000.0,,58070000,338034000,6953000,,-27746000,-111278000,3230981000.0,50187000,0.0,0.0,0.12,,6228000.0,,0.0,97598000,0,1326109000.0,,0.0,,,420000.0,,-2276341000.0,92244000,,20889000.0,-8181000.0,287847000,,-27746000.0,110903000,77933000,10124048000.0,39528000,7847707000.0,353300000.0,9646000,75301000.0,,,,,,,,,,,,
2016-09-30,48179000.0,0.0,2250000,3620681000.0,29716000.0,17690000,5654000.0,9168763000.0,9525562000.0,3719952000.0,54260000,42839000.0,42671000,,10591000,242616034.0,-11423000,2701000,,340284000.0,0.18,51092000.0,242616034.0,340284000.0,,56961000,340284000,10591000,,0,-7913000,3877063000.0,120108000,46555000.0,0.0,0.18,-1381000.0,8247000.0,2019000.0,0.0,154809000,338034000,1343216000.0,0.0,0.0,-553225000.0,915000.0,2036000.0,184000.0,-2328834000.0,140685000,18486000.0,51092000.0,-19871000.0,-117858000,0.0,0.0,172499000,120108000,11451042000.0,97848000,9122208000.0,356799000.0,43586000,157111000.0,,,,,,,,,,,,
2016-12-31,47957000.0,47957000.0,20208000,3621942000.0,26137000.0,20889000,9503000.0,9125839000.0,9506740000.0,3742221000.0,61807000,43898000.0,50999000,,12394000,57760665.0,-2571000,3406000,,360492000.0,0.22,72322000.0,57504001.0,360492000.0,-94109000.0,65214000,360492000,12394000,,0,-1043000,3898479000.0,115360000,46161000.0,0.0,0.21,-3849000.0,10478000.0,2233000.0,0.0,163257000,340284000,1333817000.0,445000.0,0.0,0.0,1349000.0,2046000.0,184000.0,-2388492000.0,158054000,-3231000.0,72322000.0,-29758000.0,-95152000,0.0,0.0,184146000,115360000,11468170000.0,98043000,9079678000.0,380901000.0,52348000,156258000.0,1349000.0,,,,,,,,,,,
2017-03-31,47735000.0,0.0,7806000,3606973000.0,27018000.0,20487000,4612000.0,9065388000.0,9449452000.0,3735275000.0,61684000,44636000.0,46692000,,11348000,57784240.0,-7160000,2680000,,368298000.0,0.19,80567000.0,57506195.0,368298000.0,-94109000.0,64364000,368298000,11348000,,0,-526000,3887415000.0,119191000,45768000.0,0.0,0.19,4891000.0,4829000.0,-5249000.0,0.0,163412000,360492000,1322873000.0,295000.0,,-16750000.0,1238000.0,1894000.0,188000.0,-2448379000.0,154250000,469000.0,80567000.0,-40692000.0,-111385000,,,183899000,119191000,11467999000.0,99048000,9019620000.0,384064000.0,47930000,152140000.0,1238000.0,,,,,,,,,,,
2017-06-30,47513000.0,0.0,8544000,3601214000.0,17580000.0,20642000,4166000.0,9002996000.0,9392823000.0,3737474000.0,60227000,44818000.0,43875000,,10680000,57854088.0,-11937000,2661000,,376842000.0,0.18,88747000.0,57687558.0,376842000.0,-94110000.0,62888000,376842000,10680000,,0,-498000,3885479000.0,111527000,45374000.0,0.0,0.18,446000.0,8829000.0,4001000.0,0.0,163814000,368298000,1312776000.0,-680000.0,,-8375000.0,1177000.0,5226000.0,362000.0,-2481639000.0,150097000,-10099000.0,88747000.0,-56914000.0,-102983000,,,184456000,111527000,11439261000.0,100926000,8957622000.0,389827000.0,45052000,148005000.0,1177000.0,,,,,,,,,,,
2017-09-30,47291000.0,0.0,761959000,3940803000.0,27393000.0,18983000,6104000.0,8956629000.0,10110424000.0,4103289000.0,68662000,45544000.0,43700000,,11025000,60755186.0,-3019000,2882000,,1138801000.0,0.18,115195000.0,60614664.0,1138801000.0,-95994000.0,71544000,1138801000,11025000,,0,-21494000,4270077000.0,133137000,44981000.0,0.0,0.18,-1938000.0,12281000.0,3448000.0,0.0,163815000,376842000,1622813000.0,-308000.0,,-8375000.0,1488000.0,4431000.0,393000.0,-2547524000.0,159394000,12629000.0,115195000.0,-73893000.0,628822000,404685000.0,,182798000,133137000,11459172000.0,92271000,8911648000.0,1153795000.0,45188000,166788000.0,1488000.0,,,,,,,,,,,
2017-12-31,47069000.0,0.0,-879079000,3934628000.0,22565000.0,28142000,6385000.0,10066526000.0,10351120000.0,4109337000.0,69882000,49177000.0,31723000,,8722000,71124112.0,-31517000,3966000,,259722000.0,0.12,127640000.0,70975569.0,259722000.0,-101222000.0,73848000,259722000,8722000,,-462988000,-217000,4283381000.0,-344265000,44588000.0,0.0,0.12,-281000.0,10240000.0,-2042000.0,0.0,186400000,1138801000,1624650000.0,3108000.0,-462500000.0,-433375000.0,1003000.0,4669000.0,393000.0,-2633909000.0,151785000,-4036000.0,127640000.0,-94948000.0,-534814000,0.0,,214542000,118723000,12655847000.0,112552000,10021938000.0,284594000.0,32726000,174044000.0,1003000.0,,,,,,,,,,,
2018-03-31,46847000.0,,20395000,3925203000.0,30515000.0,28360000,2337000.0,9993604000.0,10309994000.0,4101758000.0,68991000,49230000.0,58169000,,15830000,71130920.0,-6982000,3908000,,280117000.0,0.22,129708000.0,70970141.0,280117000.0,-111733000.0,72899000,280117000,15830000,,-177000,-4544000,4277448000.0,145047000,44194000.0,,0.22,4048000.0,4596000.0,-5241000.0,0.0,187479000,259722000,1615271000.0,7466000.0,,-8375000.0,1231000.0,4670000.0,384000.0,,177621000,6504000.0,129708000.0,-108895000.0,-124652000,,-177000.0,215839000,145224000,,114580000,9949410000.0,316390000.0,59400000,175690000.0,1231000.0,,,,,,,,,,,
2018-06-30,46625000.0,,9792000,3923224000.0,25119000.0,32907000,4197000.0,9924459000.0,10270065000.0,4117795000.0,67474000,49276000.0,48059000,,13146000,71184996.0,-19934000,2755000,,289909000.0,0.18,147946000.0,70993091.0,289909000.0,-111733000.0,70229000,289909000,13146000,,-13000,-12946000,4295762000.0,139096000,43801000.0,,0.18,-1860000.0,9758000.0,5157000.0,0.0,187483000,280117000,1599986000.0,9141000.0,,-4625000.0,1263000.0,8185000.0,556000.0,,166072000,-2744000.0,147946000.0,-126241000.0,-129304000,,-13000.0,220390000,139109000,,117254000,,345606000.0,49322000,177967000.0,1263000.0,,,,,,,,,,,
2018-09-30,46403000.0,,-240409000,4684717000.0,32395000.0,72499000,12447000.0,10905878000.0,11024220000.0,4888845000.0,66578000,58743000.0,69923000,17915000.0,19484000,71201791.0,-5953000,3422000,,49500000.0,0.27,157725000.0,71005052.0,49500000.0,-114399000.0,70000000,49500000,19484000,252107000.0,-1035139000,0,5109017000.0,148149000,43407000.0,,0.27,-1661000.0,39588000.0,-8938000.0,0.0,209722000,289909000,1584436000.0,10404000.0,,,5266000.0,13343000.0,576000.0,,200510000,-2530000.0,157725000.0,-137781000.0,645976000,,-605000.0,282221000,148754000,,139722000,789039000.0,118342000.0,75189000,220172000.0,354000.0,,,,,,,,,,,
2018-12-31,46181000.0,,10317000,4666949000.0,26096000.0,73818000,14990000.0,10838663000.0,10951307000.0,4877107000.0,69988000,58283000.0,68551000,17915000.0,18605000,71211797.0,-4214000,6093000,,59817000.0,0.26,163977000.0,71008881.0,59817000.0,-116395000.0,76081000,59817000,18605000,251214000.0,-783000,0,5105801000.0,146337000,43014000.0,,0.26,-2543000.0,49602000.0,4490000.0,0.0,210176000,49500000,1565971000.0,4208000.0,,,3075000.0,8547000.0,577000.0,,199897000,-4425000.0,163977000.0,-150908000.0,-136020000,0.0,-783000.0,283994000,147120000,,134095000,784295000.0,112644000.0,71626000,228694000.0,2242000.0,0.0,,,,,,,,,,
2019-03-31,335461000.0,,14233000,4939702000.0,38768000.0,50849000,9872000.0,12206605000.0,12326685000.0,5347953000.0,75009000,63948000.0,66364000,17915000.0,19955000,84303041.0,-10042000,4237000,,74050000.0,0.24,72790000.0,84043706.0,74050000.0,-119055000.0,79246000,74050000,19955000,250321000.0,-12000,-33430000,5609768000.0,-439545000,584816000.0,,0.24,-2524000.0,48701000.0,-319000.0,0.0,220415000,59817000,2037582000.0,54000.0,,-715575000.0,2661000.0,-593957000.0,565000.0,-17341000.0,207982000,10056000.0,72790000.0,-173017000.0,453778000,571838000.0,-12000.0,271264000,-439533000,1057120000.0,141169000,1057120000.0,120080000.0,69025000,261815000.0,1317000.0,,,,,,,,,,,
2019-06-30,,,35338000,4852524000.0,44275000.0,5920000,106000.0,11835383000.0,11912808000.0,5273190000.0,76096000,63977000.0,67769000,,21858000,91208398.0,-940000,3691000,,53566000.0,0.24,84146000.0,91011559.0,53566000.0,-139279000.0,83234000,53566000,21858000,,3779000,23447000,5526276000.0,211146000,579418000.0,,0.24,,42345000.0,2907000.0,0.0,219839000,74050000,2033220000.0,-9696000.0,,-89625000.0,4021000.0,22181000.0,524000.0,,215310000,9944000.0,84146000.0,-194469000.0,-163996000,41461000.0,,225759000,211134000,279966000.0,136605000,279966000.0,77425000.0,71790000,253086000.0,-5230000.0,,,,,,,,,,,
2019-09-30,,,99960000,4847408000.0,37407000.0,5920000,463000.0,11748161000.0,11929563000.0,5279166000.0,71957000,63048000.0,68553000,,22515000,93322940.0,-10319000,4476000,,153526000.0,0.24,,93165443.0,153526000.0,-136671000.0,76433000,153526000,22515000,,0,-1342000,5545259000.0,159473000,574020000.0,,0.24,,59937000.0,-6420000.0,0.0,220091000,53566000,2074510000.0,-16129000.0,,559250000.0,1979000.0,21632000.0,519000.0,,205537000,-13109000.0,95306000.0,-216824000.0,-59513000,86063000.0,,226011000,159473000,280020000.0,143658000,280020000.0,181402000.0,70532000,266093000.0,0.0,,,,,,,,,,,
