date,quarterlyBeginningCashPosition,quarterlyCapitalStock,quarterlyPretaxIncome,quarterlyNetOtherInvestingChanges,quarterlyPurchaseOfBusiness,quarterlyDilutedAverageShares,quarterlyStockholdersEquity,quarterlyCashCashEquivalentsAndMarketableSecurities,quarterlyCashAndCashEquivalents,quarterlyOtherCurrentAssets,quarterlyRepaymentOfDebt,quarterlyGainsLossesNotAffectingRetainedEarnings,quarterlyOtherIntangibleAssets,quarterlyBasicEPS,quarterlySaleOfInvestment,quarterlyCurrentDebt,quarterlyInterestExpense,quarterlyOperatingIncome,quarterlyCashFlowFromContinuingFinancingActivities,quarterlyResearchAndDevelopment,quarterlyCommonStockIssuance,quarterlyAccountsPayable,quarterlyDeferredIncomeTax,quarterlyChangeInWorkingCapital,quarterlyGrossPPE,quarterlyIncomeTaxPayable,quarterlyOperatingCashFlow,quarterlyTotalRevenue,quarterlyAccumulatedDepreciation,quarterlyCapitalExpenditure,quarterlyOtherCurrentLiabilities,quarterlyChangeInCashSupplementalAsReported,quarterlyTaxProvision,quarterlyNetPPE,quarterlyRepurchaseOfCapitalStock,quarterlyOtherNonCashItems,quarterlyStockBasedCompensation,quarterlyEbitda,quarterlyFreeCashFlow,quarterlyOtherShortTermInvestments,quarterlyDilutedEPS,quarterlyRetainedEarnings,quarterlyTotalNonCurrentLiabilitiesNetMinorityInterest,quarterlyCurrentAssets,quarterlyCurrentLiabilities,quarterlyGoodwill,quarterlySellingGeneralAndAdministration,quarterlyOtherNonCurrentLiabilities,quarterlyNetIncomeCommonStockholders,quarterlyTotalAssets,quarterlyTotalNonCurrentAssets,quarterlyDepreciationAndAmortization,quarterlyPurchaseOfInvestment,quarterlyBasicAverageShares,quarterlyInvestmentsAndAdvances,quarterlyTotalLiabilitiesNetMinorityInterest,quarterlyNetOtherFinancingCharges,quarterlyGrossProfit,quarterlyInventory,quarterlyOtherIncomeExpense,quarterlyOtherNonCurrentAssets,quarterlyNetIncomeContinuousOperations,quarterlyNetIncome,quarterlyNonCurrentDeferredTaxesLiabilities,quarterlyLongTermDebt,quarterlyOperatingExpense,quarterlyEndCashPosition,quarterlyCashDividendsPaid,quarterlyInvestingCashFlow,quarterlyAccountsReceivable,quarterlyCurrentAccruedExpenses,quarterlyCostOfRevenue,quarterlyChangeInAccountPayable,quarterlyChangeInInventory,quarterlyChangesInAccountReceivables,quarterlyCurrentDeferredRevenue,quarterlyNonCurrentDeferredRevenue
1984-03-31,,,,,,2667316000.0,,,,,,,,0.05,,,,848600000,,,,,,,,,,848600000,,,,,,,,,,848600000,,,0.05,,,,,,,,,,,,,2667316000.0,,,,,,,,125100000,,,,,,,,,,,,,,,
1984-06-30,,,,,,2667316000.0,,,,,,,,0.05,,,,891300000,,,,,,,,,,891300000,,,,,,,,,,891300000,,,0.05,,,,,,,,,,,,,2667316000.0,,,,,,,,131400000,,,,,,,,,,,,,,,
1984-09-30,,,,,,2666414000.0,,,,,,,,0.05,,,,857900000,,,,,,,,,,857900000,,,,,,,,,,857900000,,,0.05,,,,,,,,,,,,,2666414000.0,,,,,,,,120900000,,,,,,,,,,,,,,,
1984-12-31,,,,,,,2544200000.0,744300000.0,744300000.0,57400000.0,,,100900000.0,,,408800000.0,,-1801000000,,,,,,,2987600000.0,,,962000000,-1074800000.0,,694400000.0,,,1912800000.0,,,,-1801000000,,,,2676600000.0,943200000.0,2179700000.0,1103200000.0,,,283500000.0,,4590600000.0,2410900000.0,,,,,2046400000.0,,,566200000.0,,397200000.0,115600000,,480600000.0,179100000.0,,,,,,,,,,,,
1985-03-31,,,,,,2590228000.0,,,,,,,,0.05,,,,856300000,,,,,,,,,,856300000,,,,,,,,,,856300000,,,0.05,,,,,,,,,,,,,2590228000.0,,,,,,,,131500000,,,,,,,,,,,,,,,
1985-06-30,,,,,,2588318000.0,,,,,,,,0.06,,,,877400000,,,,,,,,,,877400000,,,,,,,,,,877400000,,,0.06,,,,,,,,,,,,,2588318000.0,,,,,,,,137900000,,,,,,,,,,,,,,,
1985-09-30,,,,,,2591748000.0,,,,,,,,0.06,,,,855800000,,,,,,,,,,855800000,,,,,,,,,,855800000,,,0.06,,,,,,,,,,,,,2591748000.0,,,,,,,,136000000,,,,,,,,,,,,,,,
1985-12-31,,,,,,,2634000000.0,842000000.0,842000000.0,58800000.0,,,97100000.0,,,330000000.0,,-1749700000,,,,,,,2989500000.0,,,958000000,-1106700000.0,,873400000.0,,,1882800000.0,,,,-1749700000,,,,2981400000.0,1064800000.0,2310000000.0,1203400000.0,,,321100000.0,,4902200000.0,2592200000.0,,,,,2268200000.0,,,544900000.0,,612300000.0,134400000,,572900000.0,170800000.0,,,,,,,,,,,,
1986-03-31,,,,,,2531292000.0,,,,,,,,0.07,,,,921100000,,,,,,,,,,921100000,,,,,,,,,,921100000,,,0.07,,,,,,,,,,,,,2531292000.0,,,,,,,,157800000,,,,,,,,,,,,,,,
1986-06-30,,,,,,2539586000.0,,,,,,,,0.07,,,,1005000000,,,,,,,,,,1005000000,,,,,,,,,,1005000000,,,0.07,,,,,,,,,,,,,2539586000.0,,,,,,,,173200000,,,,,,,,,,,,,,,
1986-09-30,,,,,,2539586000.0,,,,,,,,0.07,,,,1053700000,,,,,,,,,,1053700000,,,,,,,,,,1053700000,,,0.07,,,,,,,,,,,,,2539586000.0,,,,,,,,173000000,,,,,,,,,,,,,,,
1986-12-31,,,,,,,2569100000.0,965800000.0,965800000.0,59000000.0,,,,,,372900000.0,,-1938600000,,,,,,,3154000000.0,,,1149100000,-1247800000.0,,1044100000.0,,,1906200000.0,,,,-1938600000,,,,3378600000.0,1119100000.0,2511300000.0,1417000000.0,,,409300000.0,,5105200000.0,2593900000.0,,,,,2536100000.0,,,579800000.0,,687700000.0,171800000,,542300000.0,167500000.0,,,,,,,,,,,,
1987-03-31,,,,,,2460138000.0,,,,,,,,0.08,,,,1111100000,,,,,,,,,,1111100000,,,,,,,,,,1111100000,,,0.08,,,,,,,,,,,,,2460138000.0,,,,,,,,201300000,,,,,,,,,,,,,,,
1987-06-30,,,,,,2465280000.0,,,,,,,,0.1,,,,1249300000,,,,,,,,,,1249300000,,,,,,,,,,1249300000,,,0.1,,,,,,,,,,,,,2465280000.0,,,,,,,,235100000,,,,,,,,,,,,,,,
1987-09-30,,,,,,2465280000.0,,,,,,,,0.1,,,,1306500000,,,,,,,,,,1306500000,,,,,,,,,,1306500000,,,0.1,,,,,,,,,,,,,2465280000.0,,,,,,,,237600000,,,,,,,,,,,,,,,
1987-12-31,,,,,,,2116700000.0,1148200000.0,1148200000.0,122600000.0,,,,,,850800000.0,,-2297700000,,,,,,,3337300000.0,,,1394400000,-1389300000.0,,1357800000.0,,,1948000000.0,,,,-2297700000,,,,3919800000.0,1354700000.0,3006900000.0,2208600000.0,,,535100000.0,,5680000000.0,2673100000.0,,,,,3563300000.0,,,659600000.0,,725100000.0,232400000,,652200000.0,167400000.0,,,,,,,,,,,,
1988-03-31,,,,,,2465280000.0,,,,,,,,0.12,,,,1436800000,,,,,,,,,,1436800000,,,,,,,,,,1436800000,,,0.12,,,,,,,,,,,,,2465280000.0,,,,,,,,271400000,,,,,,,,,,,,,,,
1988-06-30,,,,,,2366342000.0,,,,,,,,0.14,,,,1499800000,,,,,,,,,,1499800000,,,,,,,,,,1499800000,,,0.14,,,,,,,,,,,,,2366342000.0,,,,,,,,316300000,,,,,,,,,,,,,,,
1988-09-30,,,,,,2366342000.0,,,,,,,,0.13,,,,1468800000,,,,,,,,,,1468800000,,,,,,,,,,1468800000,,,0.13,,,,,,,,,,,,,2366342000.0,,,,,,,,311800000,,,,,,,,,,,,,,,
1988-12-31,,,,,,,2855800000.0,1550000000.0,1550000000.0,158800000.0,,,,,,458800000.0,,-2538600000,,,,,,,3590500000.0,,,1534100000,-1519800000.0,,1450200000.0,,,2070700000.0,,,,-2538600000,,,,4580300000.0,1362700000.0,3389300000.0,1909000000.0,,,543700000.0,,6127500000.0,2738200000.0,,,,,3271700000.0,,,657700000.0,,667500000.0,307300000,,676200000.0,142800000.0,,,,,,,,,,,,
1989-03-31,,,,,,2382822000.0,,,,,,,,0.15,,,,1571400000,,,,,,,,,,1571400000,,,,,,,,,,1571400000,,,0.15,,,,,,,,,,,,,2382822000.0,,,,,,,,340400000,,,,,,,,,,,,,,,
1989-06-30,,,,,,2385724000.0,,,,,,,,0.17,,,,1585200000,,,,,,,,,,1585200000,,,,,,,,,,1585200000,,,0.17,,,,,,,,,,,,,2385724000.0,,,,,,,,396600000,,,,,,,,,,,,,,,
1989-09-30,,,592100000.0,,,2297058824.0,3334900000.0,623800000.0,623800000.0,868200000.0,,,,0.17,,,,579600000,,,,797100000.0,,,3862900000.0,,,1632800000,-1660300000.0,,1064100000.0,,201600000.0,2202600000.0,,,,579600000,,,0.17,5204300000.0,801100000.0,3390600000.0,1861200000.0,,657400000.0,0.0,390500000.0,6506400000.0,3115800000.0,,,2297058824.0,,2662300000.0,,1237000000.0,749200000.0,12500000.0,913200000.0,390500000,390500000.0,699100000.0,102000000.0,657400000.0,,,,,,395800000.0,,,,,
1989-12-31,0.0,,557000000.0,34200000.0,,,3520600000.0,685100000.0,685100000.0,679400000.0,,,,,3276400000.0,327300000.0,,552400000,-268000000.0,,,937200000.0,,-109500000.0,3993900000.0,,309600000.0,1761100000,-1701400000.0,-134200000.0,642800000.0,61300000.0,189100000.0,2292500000.0,-24400000.0,,,552400000,175400000.0,,,5394200000.0,818900000.0,3409800000.0,1907300000.0,,801900000.0,0.0,367900000.0,6756700000.0,3346900000.0,,-3169100000.0,,,2726200000.0,-16500000.0,1576000000.0,779700000.0,4600000.0,1054400000.0,367900000,367900000.0,701100000.0,117800000.0,1023600000.0,0.0,-178000000.0,7300000.0,,,185100000.0,,,,,
1990-03-31,685100000.0,,626000000.0,16400000.0,,2375294118.0,3494400000.0,508700000.0,508700000.0,232600000.0,,,,0.17,1417400000.0,441200000.0,,602700000,-311200000.0,,,887500000.0,,175800000.0,4092900000.0,,511800000.0,1758400000,-1753200000.0,-106700000.0,787200000.0,-176400000.0,222200000.0,2339700000.0,-268900000.0,-67800000.0,,602700000,405100000.0,,0.17,5621100000.0,820200000.0,3201700000.0,2115900000.0,,746800000.0,0.0,403800000.0,6904800000.0,3703100000.0,,-1680500000.0,2375294118.0,,2936100000.0,13500000.0,1349500000.0,789700000.0,23300000.0,1363400000.0,403800000,403800000.0,702600000.0,117600000.0,746800000.0,0.0,-177400000.0,-353400000.0,,,408900000.0,,,,,
1990-06-30,0.0,,718600000.0,11300000.0,,2351000000.0,3686200000.0,560800000.0,560800000.0,279900000.0,,,,0.2,2053700000.0,618500000.0,,696800000,-96200000.0,,,957300000.0,,-95100000.0,4217800000.0,,400000000.0,1899300000,-1804700000.0,-131800000.0,756800000.0,52100000.0,248400000.0,2413100000.0,-116100000.0,24900000.0,,696800000,268200000.0,,0.2,5915200000.0,849800000.0,3499700000.0,2332600000.0,,761900000.0,0.0,470200000.0,7349000000.0,3849300000.0,,-2192700000.0,2351000000.0,,3182400000.0,14100000.0,1458700000.0,842300000.0,21800000.0,1436200000.0,470200000,470200000.0,725900000.0,123900000.0,761900000.0,0.0,-177500000.0,-259500000.0,,,440600000.0,,,,,
1990-09-30,0.0,,691000000.0,-3100000.0,,2325000000.0,3733400000.0,647600000.0,647600000.0,311600000.0,,,,0.2,1964100000.0,715000000.0,,673800000,-283200000.0,,,1105500000.0,,15400000.0,4384800000.0,,519300000.0,1914300000,-1862200000.0,-175800000.0,847600000.0,86800000.0,226000000.0,2522600000.0,-214200000.0,38900000.0,,673800000,343500000.0,,0.2,6161800000.0,835100000.0,3746200000.0,2668100000.0,,797200000.0,0.0,465000000.0,7771500000.0,4025300000.0,,-1969500000.0,2325000000.0,,3503200000.0,15900000.0,1471000000.0,859600000.0,17200000.0,1502700000.0,465000000,465000000.0,710500000.0,124600000.0,797200000.0,0.0,-176000000.0,-184300000.0,,,443300000.0,,,,,
1990-12-31,0.0,,663200000.0,-17900000.0,,,3834400000.0,806400000.0,806400000.0,721500000.0,,,,,2792400000.0,793000000.0,,678100000,-263100000.0,,,1138400000.0,,131900000.0,4630500000.0,,624500000.0,2099400000,-1908800000.0,-256500000.0,895700000.0,158800000.0,221000000.0,2721700000.0,-145600000.0,,,678100000,368000000.0,,,6387300000.0,819000000.0,3766300000.0,2827100000.0,,936000000.0,0.0,442200000.0,8029800000.0,4263500000.0,,-2720600000.0,,,3646100000.0,-15900000.0,1868100000.0,892600000.0,-14900000.0,1541800000.0,442200000,442200000.0,694900000.0,124100000.0,1190000000.0,0.0,-218500000.0,-202600000.0,,,231300000.0,,,,,
1991-03-31,806400000.0,,740400000.0,3600000.0,,2302380952.0,4056500000.0,779200000.0,779200000.0,826500000.0,,,,0.21,1640600000.0,745300000.0,,720500000,-311100000.0,,,1082500000.0,,,4820600000.0,,662200000.0,2048900000,-1967500000.0,-197900000.0,1068300000.0,-27200000.0,256900000.0,2853100000.0,-60100000.0,112700000.0,,786500000,464300000.0,,0.21,6654200000.0,785700000.0,3798200000.0,2896100000.0,,867300000.0,0.0,483500000.0,8281800000.0,4483600000.0,66000000.0,-1798000000.0,2302380952.0,,3681800000.0,13700000.0,1653800000.0,924100000.0,19900000.0,1630500000.0,483500000,483500000.0,664700000.0,121000000.0,933300000.0,0.0,-216300000.0,-351700000.0,,,395100000.0,,,,,
1991-06-30,0.0,,826000000.0,30600000.0,,2316666667.0,4364600000.0,718200000.0,718200000.0,895000000.0,,,,0.24,1832200000.0,444100000.0,,814300000,-130100000.0,,,1109200000.0,,,5052800000.0,,312200000.0,2122400000,-2023900000.0,-240700000.0,979100000.0,-61000000.0,270000000.0,3028900000.0,-44800000.0,-309800000.0,,880300000,71500000.0,,0.24,6993700000.0,1199000000.0,4073500000.0,2532400000.0,,836000000.0,0.0,556000000.0,8642100000.0,4568600000.0,66000000.0,-1842000000.0,2316666667.0,,3731400000.0,13400000.0,1716300000.0,999900000.0,11700000.0,1539700000.0,556000000,556000000.0,661000000.0,538000000.0,902000000.0,0.0,-217000000.0,-219900000.0,,,406100000.0,,,,,
1991-09-30,0.0,,809600000.0,10100000.0,,2301666667.0,4649100000.0,920300000.0,920300000.0,1022200000.0,,,,0.24,2552100000.0,473100000.0,,790400000,-178300000.0,,,1187200000.0,,,5303600000.0,,729100000.0,2117400000,-2079900000.0,-259000000.0,1066000000.0,202100000.0,257200000.0,3223700000.0,-33600000.0,400400000.0,,790400000,470100000.0,,0.24,7302500000.0,1251400000.0,4385700000.0,2726300000.0,,840800000.0,0.0,552400000.0,9192500000.0,4806800000.0,,-2676300000.0,2301666667.0,,3977700000.0,10100000.0,1631200000.0,997100000.0,19200000.0,1583100000.0,552400000,552400000.0,661500000.0,589900000.0,840800000.0,0.0,-216600000.0,-373100000.0,,,486200000.0,,,,,
1991-12-31,0.0,,790700000.0,-21700000.0,,,4916200000.0,797900000.0,797900000.0,976100000.0,,,,,2494000000.0,338400000.0,,784500000,-518600000.0,,,1400400000.0,,132800000.0,5606800000.0,,730500000.0,2313900000,-2102300000.0,-343900000.0,1075500000.0,-122400000.0,260900000.0,3504500000.0,-45600000.0,-197100000.0,,784500000,386600000.0,,,7588700000.0,1173400000.0,4310800000.0,2814300000.0,,1013900000.0,0.0,529800000.0,9498500000.0,5187700000.0,,-2484300000.0,,,3987700000.0,-21400000.0,2062200000.0,991300000.0,6200000.0,1683200000.0,529800000,529800000.0,679700000.0,493700000.0,1277700000.0,0.0,-243300000.0,-355900000.0,,,251700000.0,,,,,
1992-03-31,797900000.0,,856500000.0,-18200000.0,,2274800000.0,5113900000.0,694800000.0,694800000.0,832500000.0,,,,0.25,1075400000.0,225400000.0,,832600000,-350500000.0,,,1262600000.0,,-73700000.0,5757600000.0,,537400000.0,2223400000,-2125900000.0,-204200000.0,1294800000.0,-103100000.0,287800000.0,3631700000.0,-132200000.0,42400000.0,,832600000,333200000.0,,0.25,7890800000.0,1188000000.0,4119000000.0,2782800000.0,,924700000.0,0.0,568700000.0,9663000000.0,5544000000.0,,-1113800000.0,2274800000.0,,3970800000.0,25800000.0,1757300000.0,1067800000.0,23900000.0,1912300000.0,568700000,568700000.0,605700000.0,582300000.0,924700000.0,0.0,-243700000.0,-260800000.0,,,466100000.0,,,,,
1992-06-30,0.0,,949400000.0,15000000.0,,2253103448.0,5312600000.0,715900000.0,715900000.0,408700000.0,,,,0.29,833800000.0,526200000.0,,931700000,-162900000.0,,,1295200000.0,,-319600000.0,6000400000.0,,405200000.0,2373700000,-2180000000.0,-265500000.0,1187000000.0,21100000.0,296000000.0,3820400000.0,-200600000.0,71400000.0,,931700000,139700000.0,,0.29,8278500000.0,1219400000.0,4254900000.0,3008400000.0,,915200000.0,0.0,653400000.0,10147300000.0,5892400000.0,,-836400000.0,2253103448.0,,4227800000.0,11500000.0,1846900000.0,1088500000.0,17700000.0,2072000000.0,653400000,653400000.0,623300000.0,596100000.0,915200000.0,0.0,-266700000.0,-253100000.0,,,526800000.0,,,,,
1992-09-30,0.0,,927100000.0,-17500000.0,,2301785714.0,5474300000.0,868800000.0,868800000.0,402100000.0,,,,0.28,952600000.0,843200000.0,,892800000,-145700000.0,,,1443000000.0,,48600000.0,6227600000.0,,743900000.0,2464300000,-2212500000.0,-272100000.0,1189000000.0,152900000.0,282600000.0,4015100000.0,-209700000.0,,,892800000,471800000.0,,0.28,8634700000.0,1327700000.0,4642900000.0,3475200000.0,,1055800000.0,0.0,644500000.0,10905000000.0,6262100000.0,,-1123500000.0,2301785714.0,,4802900000.0,15400000.0,1948600000.0,1188500000.0,34300000.0,2247000000.0,644500000,644500000.0,727500000.0,600200000.0,1055800000.0,0.0,-265600000.0,-460500000.0,,,515700000.0,,,,,
1992-12-31,0.0,,830600000.0,8100000.0,,,5002900000.0,575100000.0,575100000.0,905100000.0,,,153500000.0,,2121300000.0,825200000.0,,834400000,-696200000.0,,,1461900000.0,,290600000.0,6530900000.0,,817900000.0,2601100000,-2259800000.0,-324800000.0,1330200000.0,-293700000.0,250600000.0,4271100000.0,-320400000.0,,,834400000,493100000.0,,,8466000000.0,1838700000.0,4399700000.0,3617300000.0,,1179200000.0,0.0,117600000.0,11086000000.0,6686300000.0,,-2182100000.0,,,5456000000.0,-32700000.0,2335000000.0,1182600000.0,-3800000.0,2261700000.0,580000000,117600000.0,1343000000.0,495700000.0,1500600000.0,0.0,-288300000.0,-377500000.0,,,266100000.0,,,,,
1993-03-31,575100000.0,,913400000.0,4800000.0,,2273333333.0,5172200000.0,702500000.0,702500000.0,858100000.0,,,,0.27,2025400000.0,976900000.0,,890300000,-300300000.0,,,1449800000.0,,,6714300000.0,,687100000.0,2379600000,-2331500000.0,-204300000.0,1462300000.0,127400000.0,299600000.0,4382800000.0,-180600000.0,,,890300000,482800000.0,,0.27,8794300000.0,1817100000.0,4486800000.0,3889000000.0,,952600000.0,0.0,613800000.0,11541200000.0,7054400000.0,,-2094900000.0,2273333333.0,,5706100000.0,19800000.0,1842900000.0,1220100000.0,23100000.0,2671600000.0,613800000,613800000.0,1328100000.0,489000000.0,952600000.0,0.0,-286300000.0,-269000000.0,,,536700000.0,,,,,
1993-06-30,0.0,,223000000.0,-7100000.0,,2157500000.0,4927500000.0,847800000.0,847800000.0,449500000.0,,,,0.08,1996300000.0,1341100000.0,,212400000,36300000.0,,,2003900000.0,,,6582700000.0,,443900000.0,2573600000,-2158000000.0,-264700000.0,1513500000.0,145300000.0,50400000.0,4424700000.0,-139500000.0,,,212400000,179200000.0,,0.08,8682300000.0,1820800000.0,5139200000.0,4858500000.0,,1777700000.0,0.0,172600000.0,12325700000.0,7186500000.0,,-2082000000.0,2157500000.0,,6679300000.0,6400000.0,1990100000.0,1226600000.0,10600000.0,2761800000.0,172600000,172600000.0,1243200000.0,577600000.0,1777700000.0,0.0,-285500000.0,-357500000.0,,,583500000.0,,,,,
1993-09-30,0.0,,1006100000.0,2300000.0,,2276451613.0,5265600000.0,1197400000.0,1197400000.0,428200000.0,,,,0.31,3473700000.0,576900000.0,,1006400000,-1101100000.0,,,1860000000.0,,194800000.0,6784700000.0,,1001800000.0,2544100000,-2244400000.0,-221900000.0,1747500000.0,349600000.0,300400000.0,4540300000.0,-50900000.0,101300000.0,,1006400000,779900000.0,,0.31,9069100000.0,2097000000.0,5285600000.0,4184400000.0,,999100000.0,0.0,705700000.0,12624700000.0,7339100000.0,,-2808800000.0,2276451613.0,,6281400000.0,1500000.0,2005500000.0,1187000000.0,-300000.0,2798800000.0,705700000,705700000.0,1519900000.0,577100000.0,999100000.0,0.0,-284500000.0,445300000.0,,,538600000.0,,,,,
1993-12-31,0.0,,960300000.0,-1917100000.0,,,10021700000.0,829400000.0,829400000.0,456300000.0,,,6645500000.0,,2368100000.0,1736000000.0,,1776600000,1150900000.0,,,2378300000.0,,25300000.0,7172800000.0,,915700000.0,3000800000,-2278200000.0,-321800000.0,1781400000.0,-368000000.0,286100000.0,4894600000.0,0.0,59600000.0,,1776600000,593900000.0,,,9393200000.0,2865700000.0,5734600000.0,5895700000.0,,-815500000.0,0.0,674200000.0,19927500000.0,14192900000.0,,-2535700000.0,,,8761400000.0,-5100000.0,2548600000.0,1641700000.0,-681300000.0,2652800000.0,674200000,674200000.0,1744900000.0,1120800000.0,772000000.0,829400000.0,-318100000.0,-2406500000.0,,,452200000.0,,,,,
1994-03-31,829400000.0,,1012300000.0,-5500000.0,,2500740741.0,10414800000.0,917000000.0,917000000.0,463900000.0,,,6619000000.0,0.27,5113100000.0,1436900000.0,30900000.0,993200000,-649700000.0,266300000.0,100000.0,2156000000.0,,,7348500000.0,,682200000.0,3514300000,-2381000000.0,-190900000.0,1842000000.0,87600000.0,337100000.0,4967500000.0,,-170400000.0,,1036500000,491300000.0,,0.27,9749200000.0,2920900000.0,5703600000.0,5434900000.0,,755900000.0,0.0,675200000.0,19986600000.0,14283000000.0,43300000.0,-4891300000.0,2500740741.0,,8355800000.0,14800000.0,2058700000.0,1577700000.0,62500000.0,2696500000.0,675200000,675200000.0,1827600000.0,1093300000.0,1065500000.0,917000000.0,-350900000.0,25400000.0,,,1455600000.0,,,,,
1994-06-30,917000000.0,,1145500000.0,-22400000.0,,2464838710.0,10869600000.0,1219700000.0,1219700000.0,516400000.0,,,6720900000.0,0.31,2372900000.0,1510400000.0,35000000.0,1201800000,-336200000.0,290900000.0,,2237500000.0,,,7487000000.0,,1132600000.0,3792000000,-2405800000.0,-265500000.0,1937600000.0,302700000.0,381400000.0,5081200000.0,,134300000.0,,1245700000,867100000.0,,0.31,10160200000.0,2905800000.0,6313400000.0,5685500000.0,,726700000.0,0.0,764100000.0,20706900000.0,14393500000.0,43900000.0,-2613500000.0,2464838710.0,,8591300000.0,5500000.0,2263300000.0,1555200000.0,19600000.0,2591400000.0,764100000,764100000.0,1888400000.0,1017400000.0,1061500000.0,1219700000.0,-351700000.0,-528500000.0,,,1528700000.0,,,,,
1994-09-30,1219700000.0,,1171700000.0,-19600000.0,,2531612903.0,11257400000.0,1213000000.0,1213000000.0,472600000.0,,,6684200000.0,0.31,3214400000.0,961600000.0,31000000.0,1166300000,-839600000.0,308400000.0,,2485000000.0,,,7746100000.0,,1321600000.0,3792000000,-2525700000.0,-263800000.0,2173900000.0,-6700000.0,386900000.0,5220400000.0,,338000000.0,,1211000000,1057800000.0,,0.31,10557500000.0,2985100000.0,6617000000.0,5620500000.0,,820700000.0,0.0,784800000.0,21120100000.0,14503100000.0,44700000.0,-3436100000.0,2531612903.0,,8605600000.0,49600000.0,2340100000.0,1589500000.0,55500000.0,2598500000.0,784800000,784800000.0,1881300000.0,1103800000.0,1173800000.0,1213000000.0,-352400000.0,-505100000.0,,,1451900000.0,,,,,
1994-12-31,1213000000.0,,1085700000.0,756600000.0,,,11139000000.0,1604000000.0,1604000000.0,639600000.0,,,7212300000.0,,4381900000.0,146700000.0,27400000.0,1043700000,-1576700000.0,365000000.0,,2715400000.0,,,7672900000.0,,1003500000.0,3871500000,-2376600000.0,-289100000.0,2586500000.0,391000000.0,312800000.0,5296300000.0,-595400000.0,-305400000.0,,1787300000,714400000.0,,,10942000000.0,4060200000.0,6921700000.0,5448600000.0,,874200000.0,0.0,772900000.0,21856600000.0,14934900000.0,743600000.0,-3873600000.0,,,9508800000.0,-76100000.0,3026500000.0,1660900000.0,90300000.0,2426300000.0,772900000,772900000.0,2914300000.0,1145900000.0,1982800000.0,1604000000.0,-379100000.0,975800000.0,,,845000000.0,,,,,
1995-03-31,1604000000.0,,1095800000.0,-43700000.0,,2443225806.0,11047800000.0,2221100000.0,2221100000.0,704100000.0,,,7074000000.0,0.31,1500300000.0,131100000.0,22100000.0,985100000,-878000000.0,288200000.0,,2745200000.0,,,7042400000.0,,376100000.0,3817300000,-2190800000.0,-162600000.0,2439400000.0,617100000.0,338400000.0,4851600000.0,-530900000.0,-107100000.0,,1032900000,213500000.0,,0.31,11333900000.0,4058100000.0,7473100000.0,5315700000.0,,770000000.0,0.0,757400000.0,21720300000.0,14247200000.0,47800000.0,-1596600000.0,2443225806.0,,9373800000.0,53300000.0,2091100000.0,1672900000.0,151600000.0,2321600000.0,757400000,757400000.0,2890400000.0,1167700000.0,1106000000.0,2221100000.0,-379900000.0,1018500000.0,,,1726200000.0,,,,,
1995-06-30,2221100000.0,,1241500000.0,-97800000.0,,2451714286.0,11361300000.0,1664100000.0,1664100000.0,1701900000.0,,,7027000000.0,0.35,3345800000.0,358100000.0,23000000.0,1163000000,-585500000.0,329700000.0,,2833700000.0,,,7291100000.0,,438400000.0,4135700000,-2342300000.0,-217000000.0,2185400000.0,-557000000.0,383400000.0,4948800000.0,-273200000.0,-474400000.0,,1210400000,221400000.0,,0.35,11822600000.0,3730500000.0,7377100000.0,5377200000.0,,849600000.0,0.0,858100000.0,21826700000.0,14449600000.0,47400000.0,-3496000000.0,2451714286.0,,9107700000.0,82400000.0,2389700000.0,1787400000.0,135600000.0,2473800000.0,858100000,858100000.0,2814400000.0,916100000.0,1226700000.0,1664100000.0,-369600000.0,-465000000.0,,,1746000000.0,,,,,
1995-09-30,1664100000.0,,1247000000.0,36000000.0,,2462571429.0,11516800000.0,1906100000.0,1906100000.0,1841800000.0,,,6969500000.0,0.35,3274300000.0,391700000.0,22800000.0,1165600000,-227500000.0,332500000.0,,3064800000.0,,,7546600000.0,,977400000.0,4171100000,-2433300000.0,-284800000.0,2204200000.0,242000000.0,385100000.0,5113300000.0,-401800000.0,-123100000.0,,1213300000,692600000.0,,0.35,12282300000.0,3994200000.0,7754400000.0,5660700000.0,,767200000.0,0.0,861900000.0,22445700000.0,14691300000.0,47700000.0,-3411100000.0,2462571429.0,,9654900000.0,81300000.0,2312900000.0,1764400000.0,129900000.0,2608500000.0,861900000,861900000.0,2657100000.0,1337100000.0,1147300000.0,1906100000.0,-370900000.0,-385600000.0,,,1858200000.0,,,,,
1995-12-31,1906100000.0,,1212900000.0,-190200000.0,,,11735700000.0,1847400000.0,1847400000.0,2401900000.0,,,6826300000.0,,4309700000.0,423100000.0,30800000.0,1090000000,289600000.0,381000000.0,,3105200000.0,,,7709000000.0,,1152300000.0,4557000000,-2439900000.0,-341100000.0,2161200000.0,-58700000.0,355100000.0,5269100000.0,-365000000.0,661600000.0,,1806300000,811200000.0,,,12740600000.0,4120300000.0,8617500000.0,5689500000.0,,911000000.0,0.0,857800000.0,23831800000.0,15214300000.0,716300000.0,-5268600000.0,,,9809800000.0,-273100000.0,3098300000.0,1872500000.0,167000000.0,3118900000.0,857800000,857800000.0,2747500000.0,1372800000.0,2008300000.0,1847400000.0,-419400000.0,-1490200000.0,,,1458700000.0,,,,,
1996-03-31,1847400000.0,,1239000000.0,-16400000.0,,2468000000.0,11663400000.0,1753400000.0,1753400000.0,2542600000.0,,,6786600000.0,0.35,1556500000.0,573700000.0,34500000.0,1086500000,-665400000.0,349500000.0,,2897900000.0,,,7967000000.0,,1183600000.0,4530400000,-2565600000.0,-265600000.0,2248600000.0,-94000000.0,375200000.0,5401400000.0,-575300000.0,1300000.0,,1133500000,918000000.0,,0.35,13161300000.0,4313000000.0,8610900000.0,5720200000.0,,814300000.0,0.0,863800000.0,23983900000.0,15373000000.0,47000000.0,-1860000000.0,2468000000.0,,10033200000.0,50500000.0,2297300000.0,1882700000.0,216400000.0,3185000000.0,863800000,863800000.0,2796800000.0,1516200000.0,1210800000.0,1753400000.0,-438500000.0,-585500000.0,,,2233100000.0,,,,,
1996-06-30,1753400000.0,,1394400000.0,-14900000.0,,2492564103.0,11333300000.0,1686800000.0,1686800000.0,1625500000.0,,,6740100000.0,0.4,4636300000.0,333400000.0,32800000.0,1283900000,-1597300000.0,347700000.0,,2809600000.0,,,8248500000.0,,1101700000.0,4908800000,-2679300000.0,-311300000.0,2131400000.0,-66600000.0,422300000.0,5569200000.0,-1008500000.0,32400000.0,,1331100000,790400000.0,,0.39,13746600000.0,4330300000.0,7622600000.0,5274400000.0,,946200000.0,0.0,972100000.0,23246200000.0,15623600000.0,47200000.0,-3854500000.0,2430250000.0,,9604700000.0,47000000.0,2625000000.0,1811000000.0,185800000.0,3314300000.0,972100000,972100000.0,2824400000.0,1505900000.0,1341100000.0,1686800000.0,-397000000.0,455600000.0,,,2283800000.0,,,,,
1996-09-30,1686800000.0,,1437400000.0,-24700000.0,,2443658537.0,11396500000.0,1344200000.0,1344200000.0,1791900000.0,,,6792700000.0,0.42,3919600000.0,851500000.0,36200000.0,1296400000,-579800000.0,366800000.0,,2831200000.0,,,8413800000.0,,1247200000.0,4983400000,-2747100000.0,-262600000.0,1321500000.0,-342600000.0,435500000.0,5666700000.0,-645000000.0,-170100000.0,,1346400000,984600000.0,,0.41,14262100000.0,5261400000.0,7780500000.0,5004200000.0,,941800000.0,0.0,1001900000.0,23981500000.0,16201000000.0,50000000.0,-4641200000.0,2385476190.0,,10265600000.0,150200000.0,2655000000.0,1921100000.0,212200000.0,3741600000.0,1001900000,1001900000.0,3933400000.0,1328000000.0,1358600000.0,1344200000.0,-411800000.0,-1008900000.0,,,2328400000.0,,,,,
1996-12-31,1344200000.0,,1470000000.0,-86700000.0,,,11970500000.0,1352400000.0,1352400000.0,1569500000.0,,,6736600000.0,,4966800000.0,606100000.0,35100000.0,1317900000,-994800000.0,423300000.0,,2937800000.0,,,8726400000.0,,1895200000.0,5406100000,-2799700000.0,-357200000.0,1285300000.0,8200000.0,426500000.0,5926700000.0,-264500000.0,146800000.0,,2100800000,1538000000.0,,,14817700000.0,5183200000.0,7726600000.0,4829200000.0,,1139000000.0,0.0,1043500000.0,24293100000.0,16566500000.0,782900000.0,-5363400000.0,,,10012400000.0,-283700000.0,3663100000.0,2148800000.0,224500000.0,3903200000.0,1043500000,1043500000.0,4027300000.0,1155900000.0,2345200000.0,1352400000.0,-481600000.0,-840500000.0,,,1743000000.0,,,,,
1997-03-31,1352400000.0,,1463400000.0,-14100000.0,,2488536585.0,12432200000.0,1736600000.0,1736600000.0,1670100000.0,,,6689600000.0,0.42,3980700000.0,477500000.0,25000000.0,1304500000,-685800000.0,368600000.0,,2787600000.0,,,8967500000.0,,1493000000.0,5567900000,-2994000000.0,-261600000.0,1529600000.0,384200000.0,443100000.0,5973500000.0,-245300000.0,-102800000.0,,1352300000,1231400000.0,,0.41,15316700000.0,5289000000.0,8216600000.0,4794700000.0,,1060700000.0,0.0,1020300000.0,24732400000.0,16515800000.0,47800000.0,-4047300000.0,2429285714.0,,10083700000.0,75500000.0,2781600000.0,2088100000.0,226500000.0,3852700000.0,1020300000,1020300000.0,4056700000.0,1232300000.0,1477100000.0,1736600000.0,-482700000.0,-342300000.0,,,2786300000.0,,,,,
1997-06-30,1736600000.0,,1632300000.0,3000000.0,,2456170213.0,12821100000.0,1587000000.0,1587000000.0,1964200000.0,,,6977900000.0,0.48,4982600000.0,496800000.0,30900000.0,1476000000,-385400000.0,396400000.0,,2709800000.0,,,9269700000.0,,1214100000.0,5909200000,-3134400000.0,-312100000.0,1396400000.0,-149600000.0,477900000.0,6135300000.0,-502900000.0,-209500000.0,,1524300000,902000000.0,,0.47,15981600000.0,5911600000.0,8419000000.0,4603000000.0,,1044200000.0,0.0,1154400000.0,25627900000.0,17208900000.0,48300000.0,-5686100000.0,2405000000.0,,10514600000.0,113900000.0,2964900000.0,2170800000.0,217100000.0,4095700000.0,1154400000,1154400000.0,4184800000.0,1726800000.0,1488900000.0,1587000000.0,-508200000.0,-1012600000.0,,,2944300000.0,,,,,
1997-09-30,1587000000.0,,1694900000.0,874800000.0,,2443265306.0,12834200000.0,1281800000.0,1281800000.0,1734900000.0,,,6851500000.0,0.5,9073500000.0,586600000.0,33900000.0,1415100000,-2215400000.0,424700000.0,,3062900000.0,,,9485300000.0,,1653500000.0,5927700000,-3189300000.0,-415800000.0,1685500000.0,-305200000.0,497700000.0,6296000000.0,-1778400000.0,-86700000.0,,1463600000,1237700000.0,,0.49,16627800000.0,6493200000.0,8209800000.0,5335000000.0,,1048400000.0,0.0,1197200000.0,25897800000.0,17688000000.0,48500000.0,-9270300000.0,2394400000.0,,11828200000.0,14300000.0,2936700000.0,2226700000.0,354300000.0,4540500000.0,1197200000,1197200000.0,4803400000.0,1689800000.0,1521600000.0,1281800000.0,-506900000.0,262200000.0,,,2991000000.0,,,,,
1997-12-31,1281800000.0,,1671700000.0,-1016300000.0,,,12613500000.0,1125100000.0,1125100000.0,2066100000.0,,,6780500000.0,,4038600000.0,902500000.0,39700000.0,1470900000,-1572300000.0,493900000.0,,3268900000.0,,,10032600000.0,,1956000000.0,6232100000,-3423200000.0,-459300000.0,1397200000.0,-156700000.0,429500000.0,6609400000.0,-1046200000.0,379100000.0,,2360600000,1496700000.0,,,17319400000.0,6445400000.0,8213000000.0,5568600000.0,,1146000000.0,0.0,1242200000.0,25811900000.0,17598900000.0,889700000.0,-3983000000.0,,,12014000000.0,-357600000.0,4000500000.0,2145100000.0,259100000.0,4209000000.0,1242200000,1242200000.0,5098900000.0,1346500000.0,2529600000.0,1125100000.0,-542100000.0,-510000000.0,,,2231600000.0,,,,,
1998-03-31,1125100000.0,,1635200000.0,-14200000.0,,2425833333.0,13146300000.0,1596600000.0,1596600000.0,2137000000.0,,,6722500000.0,0.49,5926500000.0,658200000.0,39200000.0,1391300000,-473900000.0,388500000.0,,2979900000.0,,,10328800000.0,,1524800000.0,6058800000,-3584400000.0,-315400000.0,1240400000.0,471500000.0,470800000.0,6744400000.0,-328900000.0,-70400000.0,,1439600000,1209400000.0,,0.48,17917600000.0,7150100000.0,8386700000.0,4878500000.0,,995100000.0,0.0,1164400000.0,26399900000.0,18013200000.0,48300000.0,-6165900000.0,2376326531.0,,12028600000.0,143700000.0,2823200000.0,2078800000.0,325600000.0,4546300000.0,1164400000,1164400000.0,5305500000.0,1844600000.0,1431900000.0,1596600000.0,-537500000.0,-569000000.0,,,3235600000.0,,,,,
1998-06-30,1596600000.0,,1826100000.0,-16500000.0,,2437222222.0,13663600000.0,1424900000.0,1424900000.0,2270200000.0,,,6664200000.0,0.56,4500100000.0,1550700000.0,42600000.0,1538900000,-528800000.0,441000000.0,,3339500000.0,,,10726300000.0,,1053100000.0,6470400000,-3699500000.0,-457300000.0,1109900000.0,-171700000.0,510000000.0,7026800000.0,-444300000.0,-227000000.0,,1587200000,595800000.0,,0.54,18696400000.0,6644500000.0,8897400000.0,6000100000.0,,1058800000.0,0.0,1316100000.0,27494000000.0,18596600000.0,48200000.0,-4689600000.0,2350178571.0,,12644600000.0,71900000.0,3087000000.0,2328600000.0,352500000.0,4905600000.0,1316100000,1316100000.0,5300400000.0,1344100000.0,1548100000.0,1424900000.0,-538300000.0,-663300000.0,,,3383400000.0,,,,,
1998-09-30,1424900000.0,,2715300000.0,454000000.0,,2441071429.0,12560800000.0,2429300000.0,2429300000.0,2450900000.0,,,8377600000.0,0.57,9538000000.0,868000000.0,56900000.0,1672300000,-1764700000.0,450400000.0,,3339400000.0,,,11207800000.0,,1486500000.0,6838300000,-3883800000.0,-524800000.0,1589400000.0,1004400000.0,1348300000.0,7324000000.0,-1997700000.0,-1341600000.0,,2338800000,961700000.0,,0.56,19423400000.0,9158000000.0,10332900000.0,5796800000.0,,1087200000.0,0.0,1367000000.0,31157000000.0,20824100000.0,666500000.0,-10815600000.0,2398245614.0,,14954800000.0,74400000.0,3294200000.0,2366500000.0,1119500000.0,5122500000.0,1367000000,1367000000.0,6432100000.0,2725900000.0,1621900000.0,2429300000.0,-537300000.0,1237800000.0,,,3544100000.0,,,,,
1998-12-31,2429300000.0,,1956500000.0,9000000.0,,,12801800000.0,2606200000.0,2606200000.0,1624300000.0,,,8287200000.0,,8654300000.0,624200000.0,66800000.0,1773500000,-1153500000.0,541200000.0,,3682100000.0,,-297000000.0,11886600000.0,,1263900000.0,7530700000,-4042800000.0,-675900000.0,1762500000.0,176900000.0,555800000.0,7843800000.0,-854600000.0,-487600000.0,,2025600000,588000000.0,,,20186700000.0,9277800000.0,10228500000.0,6068800000.0,,1370200000.0,0.0,1400700000.0,31853400000.0,21624900000.0,252100000.0,-8004300000.0,,,15346600000.0,-404100000.0,3937000000.0,2623900000.0,327400000.0,5493900000.0,1400700000,1400700000.0,6057000000.0,3220800000.0,2163500000.0,2606200000.0,-640000000.0,-16900000.0,,,3593700000.0,,,,,
1999-03-31,2606200000.0,,1842800000.0,-3900000.0,,2424900000.0,13342600000.0,1792600000.0,1792600000.0,2204300000.0,,,8193300000.0,0.55,9661800000.0,630500000.0,71400000.0,1703100000,-867500000.0,441800000.0,,3395400000.0,,102400000.0,12335700000.0,,1967600000.0,7536700000,-4214500000.0,-476000000.0,1779000000.0,-813600000.0,543200000.0,8121200000.0,-361600000.0,,,1988000000,1491600000.0,,0.54,20848200000.0,9415100000.0,9615200000.0,5804900000.0,,1154300000.0,0.0,1299600000.0,32289100000.0,22673900000.0,284900000.0,-11022900000.0,2361900000.0,,15220000000.0,128000000.0,3584100000.0,2485800000.0,260600000.0,6359400000.0,1299600000,1299600000.0,6197500000.0,3217600000.0,1881000000.0,1792600000.0,-637400000.0,-1841000000.0,3132500000.0,,3952600000.0,,,,,
1999-06-30,1792600000.0,,2330600000.0,1667100000.0,,2413600000.0,12974900000.0,2267900000.0,2267900000.0,2212800000.0,,,7746900000.0,0.63,6671700000.0,612400000.0,68900000.0,1903100000,-1842000000.0,482700000.0,,3632700000.0,,-221800000.0,12896300000.0,,1271900000.0,8018200000,-4371300000.0,-613200000.0,2299500000.0,475300000.0,852500000.0,8525000000.0,-1163500000.0,,,2195400000,658700000.0,,0.61,21690300000.0,9977400000.0,10427100000.0,6544600000.0,,1184400000.0,0.0,1478100000.0,33210100000.0,22783000000.0,292300000.0,-6663300000.0,2357600000.0,,16522000000.0,-28400000.0,3862500000.0,2566300000.0,553700000.0,6511100000.0,1478100000,1478100000.0,6764600000.0,3212800000.0,1959400000.0,2267900000.0,-638000000.0,1062300000.0,3380100000.0,,4155700000.0,,,,,
1999-09-30,2267900000.0,29700000.0,2234700000.0,3100000.0,,2394400000.0,12856600000.0,3779900000.0,2103400000.0,990100000.0,,9800000.0,7673100000.0,0.65,13061700000.0,1600800000.0,79000000.0,1963300000,-686500000.0,516000000.0,,3765300000.0,,-181100000.0,13595900000.0,,1550800000.0,8195700000,-4557900000.0,-650400000.0,2303800000.0,-164500000.0,695100000.0,9038000000.0,-1080600000.0,,,2248600000,900400000.0,1676500000.0,0.64,22551600000.0,10194600000.0,11014900000.0,7669900000.0,,1272700000.0,0.0,1539600000.0,34587500000.0,23572600000.0,285300000.0,-13512500000.0,2343000000.0,,17864500000.0,47400000.0,4037300000.0,2746700000.0,412200000.0,6861500000.0,1539600000,1539600000.0,6981000000.0,3213600000.0,2074000000.0,2103400000.0,-636000000.0,-1098100000.0,3498200000.0,,4158400000.0,,,,,
1999-12-31,2103400000.0,29700000.0,2211400000.0,-20300000.0,,,13241600000.0,3202400000.0,2021900000.0,1120900000.0,,8100000.0,7584200000.0,,10913500000.0,2859000000.0,97600000.0,2024600000,-473400000.0,627800000.0,,4158700000.0,,-3153900000.0,14347000000.0,,1340400000.0,8963400000,-4670300000.0,-820900000.0,1741100000.0,-81500000.0,638200000.0,9676700000.0,-976400000.0,,,2306900000,519500000.0,1180500000.0,,23447900000.0,10174000000.0,11259200000.0,8758800000.0,,1588600000.0,0.0,1573200000.0,35634900000.0,24375700000.0,282300000.0,-11012500000.0,,,18932800000.0,-299500000.0,4523300000.0,2846900000.0,-26500000.0,7114800000.0,1573200000,1573200000.0,7030100000.0,3143900000.0,2498700000.0,2021900000.0,-678300000.0,-940200000.0,4089000000.0,,4440100000.0,,,,,
2000-03-31,2021900000.0,29700000.0,2194000000.0,71900000.0,,2363100000.0,12101700000.0,3292700000.0,2222700000.0,1122500000.0,,12900000.0,7451500000.0,0.65,8448400000.0,2355600000.0,117300000.0,1998400000,-1463100000.0,523600000.0,1500000000.0,3941900000.0,,-28200000.0,14742400000.0,,2083900000.0,8851400000,-4795800000.0,-504300000.0,1691200000.0,200800000.0,694400000.0,9946600000.0,-2142900000.0,,,2318300000,1579600000.0,1070000000.0,0.63,24275700000.0,10690500000.0,11084400000.0,7988700000.0,,1417200000.0,0.0,1499600000.0,35778400000.0,24694000000.0,319900000.0,-8407900000.0,2317500000.0,,18679200000.0,94900000.0,4259100000.0,2977500000.0,278400000.0,7295900000.0,1499600000,1499600000.0,7247100000.0,3443400000.0,2260700000.0,2222700000.0,-677000000.0,-391900000.0,3691700000.0,,4592300000.0,,,,,
2000-06-30,2222700000.0,29700000.0,2477300000.0,-13400000.0,,2345700000.0,12719000000.0,3911700000.0,2806000000.0,1137900000.0,,-6200000.0,7549100000.0,0.74,4410600000.0,3784300000.0,116000000.0,2299900000,141200000.0,548000000.0,0.0,3923700000.0,,-46000000.0,15410400000.0,,1673700000.0,9477100000,-5004000000.0,-693700000.0,1340200000.0,583300000.0,755600000.0,10406400000.0,-659100000.0,,,2618800000,980000000.0,1105700000.0,0.73,25330200000.0,10665700000.0,11840700000.0,9048200000.0,,1463600000.0,0.0,1721700000.0,37443300000.0,25602600000.0,318900000.0,-4924800000.0,2300200000.0,,19713900000.0,92000000.0,4630400000.0,2927900000.0,282200000.0,7647100000.0,1721700000,1721700000.0,7226600000.0,3439100000.0,2330500000.0,2806000000.0,-671800000.0,-1221300000.0,3863200000.0,,4846700000.0,,,,,
2000-09-30,2806000000.0,29700000.0,2641600000.0,14300000.0,,2342900000.0,13520000000.0,2835100000.0,1535100000.0,1094100000.0,,14700000.0,7458400000.0,0.8,4267200000.0,3174500000.0,121800000.0,2411600000,-1791700000.0,609800000.0,0.0,4049000000.0,,-731300000.0,16090000000.0,,1729000000.0,10567500000,-5167600000.0,-712300000.0,1696000000.0,-1270900000.0,805700000.0,10922400000.0,-461900000.0,,,2734400000,1016700000.0,1300000000.0,0.78,26384200000.0,10552900000.0,11600400000.0,8919500000.0,,1512800000.0,0.0,1835900000.0,38007600000.0,26407200000.0,322800000.0,-4740400000.0,2299400000.0,,19472400000.0,22000000.0,4857000000.0,3099900000.0,301800000.0,8026400000.0,1835900000,1835900000.0,7115300000.0,3437600000.0,2445400000.0,1535100000.0,-667200000.0,-1171200000.0,4571300000.0,,5710500000.0,,,,,
2000-12-31,1535100000.0,29700000.0,2511100000.0,-16700000.0,,,14832400000.0,4254600000.0,2536800000.0,0.0,,30800000.0,7374200000.0,,10541300000.0,3319300000.0,129300000.0,2379300000,-333800000.0,662300000.0,640700000.0,4361300000.0,,-218100000.0,16707200000.0,,2200700000.0,11467300000,-5225100000.0,-817500000.0,2029000000.0,1001700000.0,746700000.0,11482100000.0,-281500000.0,,,3014100000,1383200000.0,1717800000.0,,27363900000.0,10347400000.0,13353400000.0,9709600000.0,,1774200000.0,0.0,1764400000.0,39910400000.0,26557000000.0,315700000.0,-10564000000.0,,,20057000000.0,-358100000.0,5450600000.0,3021500000.0,194800000.0,7700700000.0,1764400000,1764400000.0,6746700000.0,3600700000.0,3071300000.0,2536800000.0,-782000000.0,-856900000.0,5017900000.0,,6016700000.0,,,,,
2001-03-31,2536800000.0,29700000.0,2367500000.0,-30100000.0,,2345900000.0,14856700000.0,4000100000.0,2158500000.0,0.0,,107000000.0,7283700000.0,0.72,7732500000.0,3778200000.0,110700000.0,2164400000,-1332100000.0,547400000.0,,4162600000.0,,145900000.0,17231400000.0,,2172700000.0,11345100000,-5395400000.0,-632800000.0,2456000000.0,-378300000.0,710200000.0,11836000000.0,-1018700000.0,,,2524600000,1539900000.0,1841600000.0,0.71,28238100000.0,10050800000.0,12851700000.0,10396800000.0,,1506200000.0,0.0,1657300000.0,40226300000.0,27374600000.0,360200000.0,-8227200000.0,2303700000.0,,20447600000.0,-28000000.0,4298600000.0,2845600000.0,262900000.0,8254900000.0,1657300000,1657300000.0,6427700000.0,3623100000.0,2134200000.0,2158500000.0,-784700000.0,-1157600000.0,5009800000.0,,7046500000.0,,,,,
2001-06-30,2158500000.0,29700000.0,2593500000.0,-14000000.0,,2328200000.0,14766300000.0,3959800000.0,2108400000.0,0.0,,5100000.0,7190200000.0,0.79,6741600000.0,5764900000.0,122700000.0,2368000000,142700000.0,602400000.0,,4019600000.0,,-618000000.0,17937700000.0,,1194400000.0,11893100000,-5567300000.0,-802300000.0,2191300000.0,-50100000.0,778100000.0,12370400000.0,-1162700000.0,,,2731400000,392100000.0,1851400000.0,0.78,29275600000.0,10049700000.0,13471100000.0,11975800000.0,,1637400000.0,0.0,1815400000.0,41748500000.0,28277400000.0,363400000.0,-7291300000.0,2290800000.0,,22025500000.0,72300000.0,4688300000.0,3153500000.0,279300000.0,8716800000.0,1815400000,1815400000.0,6393800000.0,3655900000.0,2320300000.0,2108400000.0,-783000000.0,-1366000000.0,5249800000.0,,7204800000.0,,,,,
2001-09-30,2108400000.0,29800000.0,2783100000.0,-123900000.0,,2312400000.0,15356700000.0,3849400000.0,1633600000.0,0.0,,117000000.0,7573800000.0,0.85,8250000000.0,5219900000.0,121800000.0,2637500000,-2187700000.0,590300000.0,,4708400000.0,,-25100000.0,18251200000.0,,2814900000.0,11919600000,-5595900000.0,-565900000.0,2865000000.0,-474800000.0,834900000.0,12655300000.0,-1393000000.0,,,3006000000,2249000000.0,2215800000.0,0.84,30424500000.0,10615100000.0,13922900000.0,12793300000.0,,1525300000.0,0.0,1948200000.0,43705600000.0,29782700000.0,368500000.0,-8713400000.0,2282900000.0,,23408400000.0,-25000000.0,4836800000.0,3385400000.0,225100000.0,9553600000.0,1948200000,1948200000.0,6380500000.0,4234600000.0,2199300000.0,1633600000.0,-778000000.0,-1153200000.0,5532500000.0,,7082800000.0,,,,,
2001-12-31,1633600000.0,29800000.0,2658500000.0,-22200000.0,,,16050100000.0,3286600000.0,2144000000.0,0.0,,10600000.0,7476500000.0,,10658900000.0,4066700000.0,109500000.0,2558400000,-1694100000.0,716400000.0,,5108400000.0,,373500000.0,18956500000.0,,2897900000.0,12557900000,-5853100000.0,-723700000.0,2369100000.0,510400000.0,797600000.0,13103400000.0,-316400000.0,,,2930100000,2174200000.0,1142600000.0,,31489600000.0,11574900000.0,12961600000.0,11544200000.0,,1555400000.0,0.0,1860900000.0,44006700000.0,31045100000.0,371700000.0,-10548500000.0,,,23119100000.0,-298500000.0,4915500000.0,3579300000.0,172100000.0,10465200000.0,1860900000,1860900000.0,6776300000.0,4798600000.0,2357100000.0,2144000000.0,-799300000.0,-635500000.0,5215400000.0,,7642400000.0,,,,,
2002-03-31,2144000000.0,29800000.0,2321500000.0,1100000.0,,2294800000.0,16446000000.0,4506100000.0,2943100000.0,0.0,,-54900000.0,7428600000.0,0.72,5040600000.0,5145500000.0,95300000.0,2142100000,-112900000.0,530300000.0,,4908400000.0,,-299900000.0,19313200000.0,,1970600000.0,12169300000,-6063500000.0,-461800000.0,2573500000.0,799100000.0,696500000.0,13249700000.0,-489200000.0,,,2504200000,1508800000.0,1563000000.0,0.71,32319700000.0,11550300000.0,14024000000.0,12627400000.0,,1464800000.0,0.0,1625000000.0,45474700000.0,31450700000.0,362100000.0,-5637200000.0,2271300000.0,,24177700000.0,95000000.0,4188600000.0,3116400000.0,227000000.0,10772400000.0,1625000000,1625000000.0,6760200000.0,4790100000.0,2046500000.0,2943100000.0,-795700000.0,-1057300000.0,5565400000.0,,7980700000.0,,,,,
2002-06-30,2943100000.0,29800000.0,2501000000.0,1200000.0,,2282800000.0,16777100000.0,3109500000.0,1318900000.0,0.0,,47200000.0,7367000000.0,0.77,7890100000.0,4878000000.0,97500000.0,2357100000,-1821100000.0,631200000.0,,5045000000.0,,-365900000.0,19847300000.0,,1671900000.0,12809700000,-6237300000.0,-654800000.0,2521400000.0,-1624200000.0,750300000.0,13610000000.0,-834800000.0,,,2722200000,1017100000.0,1790600000.0,0.77,33278900000.0,11773600000.0,13304900000.0,12444400000.0,,1477800000.0,0.0,1750700000.0,45960400000.0,32655500000.0,365100000.0,-8782600000.0,2262700000.0,,24218000000.0,59400000.0,4517100000.0,3407300000.0,195800000.0,11678500000.0,1750700000,1750700000.0,6939800000.0,4833800000.0,2160000000.0,1318900000.0,-795000000.0,-1546100000.0,5786800000.0,,8292600000.0,,,,,
2002-09-30,1318900000.0,29800000.0,2691300000.0,-1900000.0,,2265900000.0,17532500000.0,3985100000.0,1496600000.0,0.0,,185600000.0,7305600000.0,0.84,9669500000.0,4842700000.0,99900000.0,2522100000,-1391700000.0,676900000.0,,5167400000.0,,979800000.0,20370900000.0,,3089900000.0,12892900000,-6531300000.0,-546400000.0,3063300000.0,177700000.0,807300000.0,13839600000.0,-510200000.0,,,2900100000,2543500000.0,2488500000.0,0.83,34353500000.0,11820700000.0,14023600000.0,13073400000.0,,1562700000.0,0.0,1884000000.0,47337400000.0,33313800000.0,378000000.0,-10620900000.0,2249900000.0,,24894100000.0,-40500000.0,4812800000.0,3452100000.0,220900000.0,12168600000.0,1884000000,1884000000.0,6950900000.0,4869800000.0,2290700000.0,1496600000.0,-791400000.0,-1499700000.0,5524600000.0,,8080100000.0,,,,,
2002-12-31,1496600000.0,29800000.0,2699800000.0,-500000.0,,,18200500000.0,4971200000.0,2243000000.0,0.0,,-98800000.0,7241000000.0,,13313600000.0,3669800000.0,98100000.0,2646600000,-2206200000.0,838800000.0,,2413300000.0,218800000.0,233000000.0,20983600000.0,,2796300000.0,13918400000,-6788000000.0,-706700000.0,2926500000.0,746400000.0,810000000.0,14195600000.0,-257100000.0,,,3029700000,2089600000.0,2728200000.0,,35434900000.0,12057200000.0,14833900000.0,12375200000.0,,1681500000.0,0.0,1889800000.0,47561200000.0,32727300000.0,383100000.0,-12514300000.0,,,24432400000.0,-286400000.0,5218300000.0,3411800000.0,87700000.0,11290700000.0,1889800000,1889800000.0,7178200000.0,4879000000.0,2571700000.0,2243000000.0,-809500000.0,92100000.0,5423400000.0,3365600000.0,8700100000.0,,,,,
2003-03-31,2243000000.0,29800000.0,2463900000.0,-1500000.0,,2262100000.0,18876100000.0,5137300000.0,2216900000.0,0.0,,-109000000.0,7691800000.0,0.76,11886800000.0,4434900000.0,95300000.0,2461400000,241600000.0,720300000.0,,2375300000.0,60600000.0,-387600000.0,21438400000.0,,1845800000.0,13388400000,-7082200000.0,-457000000.0,3507600000.0,-26100000.0,753500000.0,14356200000.0,-295800000.0,,,2853100000,1388800000.0,2920400000.0,0.76,36337300000.0,12469100000.0,15380900000.0,13550200000.0,,1701400000.0,0.0,1710400000.0,48953500000.0,33572600000.0,391700000.0,-12179400000.0,2244300000.0,,26019300000.0,80800000.0,4937900000.0,3522600000.0,61300000.0,11524600000.0,1710400000,1710400000.0,7093200000.0,5375900000.0,2476500000.0,2216900000.0,-808300000.0,-2140600000.0,5617700000.0,3232400000.0,8450500000.0,,,,,
2003-06-30,2216900000.0,29800000.0,2596800000.0,-2600000.0,,2261100000.0,19607200000.0,5715500000.0,1664700000.0,0.0,,-171400000.0,7628100000.0,0.83,14778500000.0,4769600000.0,94600000.0,2250300000,-863400000.0,786400000.0,,2169600000.0,149200000.0,-519100000.0,21820700000.0,,1677500000.0,13281200000,-7251400000.0,-516400000.0,3503800000.0,-552200000.0,729800000.0,14569300000.0,-476700000.0,,,2664500000,1161100000.0,4050800000.0,0.83,37398000000.0,12609900000.0,16303000000.0,13749400000.0,,1747100000.0,0.0,1867000000.0,50008100000.0,33705100000.0,414200000.0,-15699700000.0,2241400000.0,,26359300000.0,99400000.0,4844300000.0,3630400000.0,399100000.0,11507700000.0,1867000000,1867000000.0,7216300000.0,5393600000.0,2594000000.0,1664700000.0,-808100000.0,-1440200000.0,5901600000.0,3306400000.0,8436900000.0,,,,,
2003-09-30,1664700000.0,29800000.0,2604800000.0,700000.0,,2253900000.0,15312700000.0,6292700000.0,2173800000.0,0.0,,-145400000.0,1904400000.0,0.83,13174600000.0,4273600000.0,81100000.0,2434100000,-1877300000.0,776500000.0,,728800000.0,109600000.0,208000000.0,20905900000.0,,3511000000.0,5762000000,-6981000000.0,-400700000.0,3573300000.0,509100000.0,739800000.0,13924900000.0,-616500000.0,,,2621800000,3110300000.0,4118900000.0,0.82,33583700000.0,11491200000.0,14021200000.0,11715600000.0,,1463600000.0,0.0,1858300000.0,42589000000.0,28567800000.0,187700000.0,-13910600000.0,2237000000.0,,23206800000.0,42700000.0,4710300000.0,2441400000.0,224000000.0,12738500000.0,1865000000,1858300000.0,6092400000.0,5398800000.0,2276200000.0,2173800000.0,-807000000.0,-1136000000.0,4561800000.0,3139900000.0,1051700000.0,,,,,
2003-12-31,2173800000.0,29800000.0,1760900000.0,-21600000.0,,,15576400000.0,4173000000.0,1201000000.0,0.0,,65500000.0,1949400000.0,,20983500000.0,1700000000.0,80000000.0,1673300000,-4328800000.0,894900000.0,,735200000.0,-187700000.0,1187800000.0,21293700000.0,,2828100000.0,5627100000,-7124700000.0,-541800000.0,3361600000.0,-972800000.0,365700000.0,14169000000.0,-645100000.0,,,1993900000,2286300000.0,2972000000.0,,34142000000.0,11526300000.0,11527200000.0,9569600000.0,,1794100000.0,0.0,1395200000.0,40587500000.0,29060300000.0,320600000.0,-19797200000.0,,,21095900000.0,-371400000.0,4398800000.0,2554700000.0,132600000.0,12941900000.0,1395200000,1395200000.0,6430300000.0,5096000000.0,2725500000.0,1201000000.0,-827000000.0,484600000.0,4023600000.0,3772800000.0,1228300000.0,,,,,
2004-03-31,1201000000.0,29800000.0,2342900000.0,-1300000.0,,2232500000.0,16271200000.0,5311900000.0,1762100000.0,0.0,,80400000.0,1903400000.0,0.73,15590400000.0,1945100000.0,72800000.0,1870000000,-883200000.0,996300000.0,,519200000.0,-3200000.0,-4700000.0,21540400000.0,,1814000000.0,5630800000,-7358200000.0,-322800000.0,3830300000.0,561100000.0,724300000.0,14182200000.0,-227900000.0,,,2218200000,1491200000.0,3549800000.0,0.73,34937600000.0,11341600000.0,12961300000.0,10114200000.0,,1611400000.0,0.0,1618600000.0,41665200000.0,28703900000.0,348200000.0,-15633400000.0,2222600000.0,,21455800000.0,85900000.0,4515000000.0,2658600000.0,519600000.0,12618300000.0,1618600000,1618600000.0,6409900000.0,4931700000.0,2645000000.0,1762100000.0,-822400000.0,-367100000.0,4199600000.0,3819600000.0,1115800000.0,,,,,
2004-06-30,1762100000.0,29800000.0,2438800000.0,-200000.0,,2230100000.0,16967400000.0,6177100000.0,1599800000.0,0.0,,-49600000.0,1855200000.0,0.8,10278900000.0,1710800000.0,71600000.0,2251000000,-1277700000.0,986000000.0,,469900000.0,191200000.0,-27200000.0,21801700000.0,,2362300000.0,6021700000,-7502400000.0,-439300000.0,3741100000.0,-162300000.0,670700000.0,14299300000.0,-216100000.0,,,2603300000,1923000000.0,4577300000.0,0.79,35883800000.0,11290700000.0,13288400000.0,9681600000.0,,1616200000.0,0.0,1768100000.0,41854600000.0,28566200000.0,352300000.0,-11074600000.0,2221400000.0,,20972300000.0,-10000000.0,4890400000.0,2520800000.0,227700000.0,12411700000.0,1768100000,1768100000.0,6396500000.0,4894200000.0,2639400000.0,1599800000.0,-823400000.0,-1245300000.0,3888600000.0,3759800000.0,1131300000.0,,,,,
2004-09-30,1599800000.0,29800000.0,1813000000.0,-3900000.0,,2226200000.0,17311500000.0,6956800000.0,2666900000.0,0.0,,-7700000.0,1811400000.0,0.6,26348700000.0,2192400000.0,72400000.0,1501700000,-1041900000.0,919300000.0,,544500000.0,10800000.0,-51300000.0,22254500000.0,,2255000000.0,5538100000,-7821400000.0,-447300000.0,3744400000.0,1067100000.0,487400000.0,14433100000.0,-244000000.0,,,1852500000,1807700000.0,4289900000.0,0.6,36366400000.0,10835800000.0,13860400000.0,10789900000.0,,1752900000.0,0.0,1325600000.0,42874400000.0,29014000000.0,350800000.0,-26062500000.0,2218500000.0,,21625700000.0,40400000.0,4173900000.0,2213200000.0,345600000.0,12769500000.0,1325600000,1325600000.0,6441600000.0,4394200000.0,2672200000.0,2666900000.0,-821900000.0,-167600000.0,3908000000.0,4308600000.0,1364200000.0,,,,,
2004-12-31,2666900000.0,29800000.0,1379800000.0,-1200000.0,,,17288200000.0,7089900000.0,2878800000.0,0.0,,-45900000.0,1764900000.0,,30145800000.0,2181200000.0,76900000.0,989900000,-2388600000.0,1108600000.0,,421400000.0,-149900000.0,1604700000.0,22808600000.0,,2367800000.0,5747900000,-8094900000.0,-516700000.0,3853400000.0,211900000.0,278700000.0,14713700000.0,-1786600000.0,,,1389300000,1851100000.0,4211100000.0,,36626300000.0,11133600000.0,13475200000.0,11744100000.0,,2365800000.0,0.0,1101100000.0,42572800000.0,29097600000.0,399400000.0,-29485900000.0,,,22877700000.0,-278100000.0,4464300000.0,1898700000.0,416700000.0,12619000000.0,1101100000,1101100000.0,6442100000.0,4691500000.0,3474400000.0,2878800000.0,-843000000.0,141900000.0,3627700000.0,5288100000.0,1283600000.0,,,,,
2005-03-31,2878800000.0,29800000.0,1920700000.0,-300000.0,,2210400000.0,17649000000.0,9438400000.0,2389600000.0,0.0,,-72900000.0,1717900000.0,0.62,19469100000.0,1614800000.0,84500000.0,1630900000,-561700000.0,846600000.0,,570700000.0,4200000.0,-407700000.0,23075700000.0,,1339400000.0,5362200000,-8370100000.0,-343200000.0,3640600000.0,-489200000.0,550600000.0,14705600000.0,-253200000.0,,,2010700000,996200000.0,7048800000.0,0.62,37157300000.0,12129400000.0,15760000000.0,10902700000.0,,1613300000.0,0.0,1370100000.0,43117100000.0,27357100000.0,379800000.0,-20334500000.0,2207200000.0,,23032100000.0,97900000.0,4090800000.0,1756600000.0,310900000.0,10933600000.0,1370100000,1370100000.0,6473800000.0,5655600000.0,2459900000.0,2389600000.0,-841100000.0,-1208900000.0,3798100000.0,5076600000.0,1271400000.0,,,,,
2005-06-30,2389600000.0,29800000.0,1924900000.0,-500000.0,,2206100000.0,17385100000.0,13030700000.0,1917600000.0,0.0,,5300000.0,1675000000.0,0.33,38752000000.0,1494400000.0,93100000.0,1604800000,-1161900000.0,946800000.0,,409100000.0,-30300000.0,579700000.0,23343800000.0,,1776700000.0,5467500000,-8673500000.0,-319200000.0,4333900000.0,-472000000.0,1204300000.0,14670300000.0,-255500000.0,,,2004100000,1457500000.0,11113100000.0,0.33,37041600000.0,12019400000.0,19129300000.0,11193400000.0,,1755300000.0,0.0,720600000.0,43006300000.0,23877000000.0,399300000.0,-39452700000.0,2201800000.0,,23212800000.0,44700000.0,4306900000.0,1811200000.0,344800000.0,7531700000.0,720600000,720600000.0,6347000000.0,5672400000.0,2702100000.0,1917600000.0,-839100000.0,-1020400000.0,3506700000.0,4956000000.0,1160600000.0,,,,,
2005-09-30,1917600000.0,29800000.0,1998400000.0,-1300000.0,,2197000000.0,17778400000.0,14028000000.0,2918000000.0,0.0,,50400000.0,1639600000.0,0.65,28394900000.0,2192500000.0,99600000.0,1493600000,-966800000.0,942600000.0,,475200000.0,209700000.0,228000000.0,23580400000.0,,2227600000.0,5416200000,-8974200000.0,-333700000.0,4501700000.0,1000400000.0,577500000.0,14606200000.0,-255300000.0,,,1916700000,1893900000.0,11110000000.0,0.65,37629200000.0,11452200000.0,20065300000.0,12162600000.0,,1741200000.0,0.0,1420900000.0,43831000000.0,23765700000.0,423100000.0,-28316600000.0,2194000000.0,,23614800000.0,-61400000.0,4177400000.0,1749400000.0,513000000.0,7519900000.0,1420900000,1420900000.0,6327500000.0,5124700000.0,2683800000.0,2918000000.0,-836300000.0,-256700000.0,3647300000.0,4993200000.0,1238800000.0,,,,,
2005-12-31,2918000000.0,29800000.0,1519900000.0,-1000000.0,,,17916600000.0,15637600000.0,9585300000.0,0.0,,52300000.0,1604400000.0,,42365400000.0,2972000000.0,108300000.0,1129500000,-350000000.0,1112000000.0,,471100000.0,-174600000.0,780500000.0,23713300000.0,,2264800000.0,5765900000,-9315100000.0,-406600000.0,4479200000.0,6667300000.0,400200000.0,14398200000.0,-251300000.0,,,1635400000,1858200000.0,6052300000.0,,37918900000.0,11218500000.0,21049300000.0,13303500000.0,,2045700000.0,0.0,1119700000.0,44845800000.0,23796500000.0,505900000.0,-37204600000.0,,,24522000000.0,-174300000.0,4287200000.0,1658100000.0,362800000.0,7793900000.0,1119700000,1119700000.0,6092900000.0,5125600000.0,3157700000.0,9585300000.0,-833300000.0,4753200000.0,2927300000.0,5381200000.0,1478700000.0,,,,,
2006-03-31,9585300000.0,29800000.0,1970400000.0,-400000.0,,2190500000.0,18846200000.0,12401500000.0,10187200000.0,0.0,,47700000.0,483100000.0,0.7,7511100000.0,1952000000.0,98200000.0,1410100000,-2221700000.0,942000000.0,301200000.0,457400000.0,-200200000.0,-757400000.0,23866200000.0,,1306800000.0,5409800000,-9886300000.0,-197600000.0,3936200000.0,601900000.0,450400000.0,13979900000.0,-247200000.0,121300000.0,,2033500000,1109200000.0,2214300000.0,0.69,38666800000.0,10837100000.0,18011900000.0,11299000000.0,1085700000.0,1715000000.0,0.0,1520000000.0,43418000000.0,25406100000.0,623400000.0,-5808200000.0,2184300000.0,,22136100000.0,-96600000.0,4067100000.0,1664300000.0,506700000.0,9857400000.0,1520000000,1520000000.0,6074500000.0,4762600000.0,2657000000.0,10187200000.0,-829800000.0,1504900000.0,3040700000.0,4953400000.0,1342700000.0,,,,,
2006-06-30,10187200000.0,29800000.0,2108300000.0,-400000.0,,2187700000.0,19298800000.0,10464400000.0,8213300000.0,0.0,,19300000.0,678300000.0,0.69,3634500000.0,1703000000.0,91900000.0,1420000000,-1458800000.0,1172500000.0,10700000.0,363700000.0,403900000.0,-479300000.0,23938200000.0,,2201200000.0,5771700000,-10210100000.0,-263100000.0,3469300000.0,-1973900000.0,609000000.0,13728100000.0,-252800000.0,357300000.0,,1958700000,1938100000.0,2251100000.0,0.69,39335400000.0,11269900000.0,15890100000.0,10502300000.0,1085700000.0,1734000000.0,0.0,1499300000.0,43478700000.0,27588600000.0,538700000.0,-6097100000.0,2181300000.0,,21772200000.0,-130400000.0,4326500000.0,1640500000.0,622300000.0,12096500000.0,1499300000,1499300000.0,6511200000.0,4758700000.0,2906500000.0,8213300000.0,-833300000.0,-2726100000.0,3084700000.0,4966300000.0,1445200000.0,,,,,
2006-09-30,8213300000.0,29800000.0,1230800000.0,-700000.0,,2185700000.0,19285300000.0,9087000000.0,6222100000.0,0.0,,50100000.0,631800000.0,0.43,2334400000.0,1195800000.0,87700000.0,550300000,-1503300000.0,945400000.0,28900000.0,362600000.0,-429800000.0,527500000.0,24143800000.0,,1481100000.0,5410400000,-10731000000.0,-224000000.0,4084400000.0,-1991200000.0,290200000.0,13412800000.0,-251000000.0,1139900000.0,,1113600000,1257100000.0,2864900000.0,0.43,39447600000.0,10849100000.0,15224200000.0,11147700000.0,1085700000.0,2370600000.0,0.0,940600000.0,43719100000.0,28494900000.0,563300000.0,-4077900000.0,2175200000.0,,21996800000.0,54500000.0,3866300000.0,1870700000.0,603900000.0,13364600000.0,940600000,940600000.0,6059600000.0,4789500000.0,3316000000.0,6222100000.0,-830900000.0,-1968200000.0,3081400000.0,5504900000.0,1544100000.0,,,,,
2006-12-31,6222100000.0,29800000.0,911900000.0,-1500000.0,,,17559700000.0,8713000000.0,5914700000.0,0.0,,-1164300000.0,943900000.0,,2663800000.0,1285100000.0,97300000.0,306200000,-420400000.0,1723000000.0,29100000.0,496600000.0,-304100000.0,571800000.0,24209500000.0,,1776100000.0,6044100000,-11015400000.0,-295500000.0,4287700000.0,-307400000.0,438000000.0,13194100000.0,-251300000.0,-543500000.0,,849200000,1480600000.0,2798300000.0,,39095100000.0,11881300000.0,15230200000.0,12722700000.0,1431600000.0,2345800000.0,0.0,473900000.0,44569800000.0,29339600000.0,543000000.0,-4061100000.0,,,24604000000.0,-202800000.0,4375000000.0,1769400000.0,533100000.0,13770000000.0,473900000,473900000.0,6330300000.0,5551000000.0,4068800000.0,5914700000.0,-828600000.0,-1694300000.0,3314800000.0,6653300000.0,1669100000.0,,,,,
2007-03-31,5914700000.0,29800000.0,2254400000.0,-2500000.0,,2185000000.0,18479300000.0,4056200000.0,2101900000.0,0.0,,-1092600000.0,887100000.0,0.79,3880900000.0,930700000.0,102400000.0,1411600000,-1216300000.0,1030000000.0,44900000.0,430300000.0,40900000.0,-642800000.0,24366000000.0,,-1328900000.0,5769400000,-11426200000.0,-200700000.0,1270600000.0,-3812800000.0,550100000.0,12939800000.0,-244400000.0,97000000.0,,1912000000,-1529600000.0,1954300000.0,0.78,40054800000.0,14216700000.0,11741700000.0,7861300000.0,1431600000.0,1802000000.0,0.0,1704300000.0,42992500000.0,31250800000.0,500400000.0,-3825100000.0,2157341772.0,,22078000000.0,167400000.0,4243600000.0,1726800000.0,794100000.0,15992300000.0,1704300000,1704300000.0,8671400000.0,5545300000.0,2832000000.0,2101900000.0,-826600000.0,-1281400000.0,4016200000.0,5229700000.0,1525800000.0,,,,,
2007-06-30,2101900000.0,29800000.0,2232200000.0,-500000.0,,2177142857.0,19472300000.0,5504000000.0,3469500000.0,0.0,,-1112600000.0,828500000.0,0.77,2347700000.0,2169200000.0,103300000.0,1444900000,-990200000.0,1030500000.0,304400000.0,454600000.0,-118900000.0,1112400000.0,24561300000.0,,2954400000.0,6111400000,-11793900000.0,-272400000.0,1550700000.0,1367600000.0,555800000.0,12767400000.0,-247500000.0,81200000.0,,1945000000,2682000000.0,2034500000.0,0.77,40905100000.0,12021600000.0,12435700000.0,10281000000.0,1431600000.0,2083700000.0,0.0,1676400000.0,44182800000.0,31747100000.0,500100000.0,-2683500000.0,2177142857.0,,22302600000.0,-80600000.0,4559100000.0,1759500000.0,749100000.0,16719600000.0,1676400000,1676400000.0,7888000000.0,4133600000.0,3114200000.0,3469500000.0,-825200000.0,-610600000.0,3607500000.0,6106500000.0,1552300000.0,,,,,
2007-09-30,3469500000.0,29800000.0,2064600000.0,3300000.0,,2179285714.0,20721900000.0,7391500000.0,5208300000.0,0.0,,-1053600000.0,771300000.0,0.7,2083300000.0,1973100000.0,91500000.0,1164500000,-1264500000.0,1440500000.0,124100000.0,392100000.0,-313600000.0,924400000.0,24654000000.0,,3025900000.0,6074100000,-12163300000.0,-253200000.0,1687900000.0,1738800000.0,539100000.0,12490700000.0,-82700000.0,72600000.0,,1653200000,2772700000.0,2183200000.0,0.7,41601800000.0,12035400000.0,14163700000.0,10506000000.0,1431600000.0,1951400000.0,0.0,1525500000.0,45700700000.0,31537000000.0,488700000.0,-1903600000.0,2179285714.0,,22541400000.0,19300000.0,4556400000.0,1849500000.0,835300000.0,16843400000.0,1525500000,1525500000.0,8161800000.0,3873600000.0,3391900000.0,5208300000.0,-826300000.0,-70200000.0,3501600000.0,6452900000.0,1517700000.0,,,,,
2007-12-31,5208300000.0,29800000.0,-3180500000.0,-1390900000.0,,,18184700000.0,8230800000.0,5336100000.0,0.0,,-826100000.0,713200000.0,,2548300000.0,1823600000.0,87100000.0,1596800000,-1395100000.0,1381800000.0,425200000.0,624500000.0,-1390300000.0,-38100000.0,24803100000.0,,2347800000.0,6242900000,-12457100000.0,-284700000.0,1275200000.0,127800000.0,-1549600000.0,12346000000.0,-855100000.0,4929400000.0,,2095800000,2063100000.0,2894700000.0,,39140800000.0,15501100000.0,15045400000.0,12258200000.0,1454800000.0,1719500000.0,0.0,-1630900000.0,48350700000.0,33305300000.0,499000000.0,-1720500000.0,,,27759300000.0,50100000.0,4698100000.0,1881000000.0,-4861000000.0,18791300000.0,-1630900000,-1630900000.0,11585300000.0,3915800000.0,3101300000.0,5336100000.0,-829200000.0,-847800000.0,3636200000.0,8534900000.0,1544800000.0,,,,,
2008-03-31,5336100000.0,29800000.0,4411000000.0,2063200000.0,,2174700000.0,19521500000.0,9163700000.0,6289400000.0,0.0,,-764400000.0,653800000.0,1.53,3269400000.0,421500000.0,72600000.0,1651300000,-3583600000.0,1078300000.0,79700000.0,626900000.0,-227400000.0,-742000000.0,24019100000.0,,2528300000.0,5822100000,-11728200000.0,-341400000.0,2168100000.0,953300000.0,1108400000.0,12290900000.0,-1377800000.0,91000000.0,,2042400000,2186900000.0,2874300000.0,1.52,41622000000.0,15285200000.0,17047000000.0,9797000000.0,1454800000.0,1854400000.0,0.0,3302600000.0,47041100000.0,29994100000.0,391100000.0,-3088400000.0,2160300000.0,,25082200000.0,-49500000.0,4584000000.0,2076500000.0,2694700000.0,15594600000.0,3302600000,3302600000.0,11320200000.0,3965000000.0,2932700000.0,6289400000.0,-830800000.0,1902800000.0,3760800000.0,6580500000.0,1238100000.0,,,,,
2008-06-30,6289400000.0,29800000.0,2058500000.0,139800000.0,,2154300000.0,20256000000.0,9987500000.0,7345200000.0,0.0,,-935600000.0,596200000.0,0.82,2637300000.0,1181300000.0,50600000.0,1555800000,-288100000.0,1169300000.0,12600000.0,530900000.0,274900000.0,-1100000000.0,23808900000.0,,1380600000.0,6051800000,-11568500000.0,-291200000.0,1730300000.0,1055800000.0,290200000.0,12240400000.0,-173300000.0,107800000.0,,1930700000,1089400000.0,2642300000.0,0.82,42573200000.0,15072800000.0,17592900000.0,9718600000.0,1434400000.0,1930200000.0,0.0,1768300000.0,47457500000.0,29864600000.0,374900000.0,-2494900000.0,2144500000.0,,24791400000.0,-65400000.0,4655300000.0,2190600000.0,440800000.0,15593600000.0,1768300000,1768300000.0,11140400000.0,3932400000.0,3099500000.0,7345200000.0,-821900000.0,-9000000.0,3647000000.0,6276100000.0,1396500000.0,,,,,
2008-09-30,7345200000.0,29800000.0,1410900000.0,-1974900000.0,,2135600000.0,19571000000.0,6841300000.0,5720100000.0,0.0,,-1033600000.0,558200000.0,0.51,2550100000.0,2994200000.0,71400000.0,1564600000,104600000.0,1171100000.0,8200000.0,474700000.0,-211300000.0,-188200000.0,23972300000.0,,1652000000.0,5943900000,-11869100000.0,-281700000.0,1688200000.0,-1625100000.0,318200000.0,12103200000.0,-964300000.0,3837600000.0,,1955800000,1370300000.0,1121200000.0,0.51,42857300000.0,12106700000.0,19418500000.0,14428300000.0,1438700000.0,1730300000.0,0.0,1092700000.0,48545700000.0,29127200000.0,391200000.0,-3571500000.0,2128500000.0,,26535000000.0,70700000.0,4466000000.0,2228200000.0,-222400000.0,15027100000.0,1092700000,1092700000.0,8167900000.0,3938800000.0,2901400000.0,5720100000.0,-816900000.0,-3278000000.0,3642600000.0,9271200000.0,1477900000.0,,,,,
2008-12-31,5720100000.0,29800000.0,1927400000.0,137300000.0,,,18758300000.0,5486400000.0,4368300000.0,0.0,,-2553900000.0,525400000.0,,2609000000.0,2297100000.0,56700000.0,1313800000,-1755400000.0,1386600000.0,1800000.0,617600000.0,693900000.0,-1953800000.0,24128200000.0,,1010800000.0,6032400000,-12128600000.0,-384000000.0,2229900000.0,-1351800000.0,282600000.0,11999600000.0,-209600000.0,-3688400000.0,,1787800000,626800000.0,1118100000.0,,43698800000.0,11709900000.0,19304900000.0,14318700000.0,1438700000.0,1862000000.0,0.0,1644800000.0,47195700000.0,27890800000.0,474000000.0,-2812500000.0,,,26028600000.0,-45000000.0,4562400000.0,2283300000.0,553100000.0,13927100000.0,1644800000,1644800000.0,7766600000.0,3943300000.0,3248600000.0,4368300000.0,-808900000.0,-450200000.0,3778900000.0,9174100000.0,1470000000.0,,,,,
2009-03-31,4368300000.0,29800000.0,1783000000.0,681100000.0,-130000000.0,2109200000.0,19563000000.0,12581600000.0,6017100000.0,0.0,-7500000.0,-2472800000.0,614200000.0,0.675782,3119100000.0,2798900000.0,60700000.0,1194300000,-391900000.0,1224200000.0,,622500000.0,153600000.0,-1414700000.0,24278600000.0,480200000.0,712600000.0,5385200000,-12452500000.0,-235100000.0,0.0,1648800000.0,327200000.0,11826100000.0,0.0,113300000.0,113300000.0,2287000000,477500000.0,6564500000.0,0.67,44320400000.0,11125700000.0,26184600000.0,13415900000.0,1439000000.0,1632900000.0,0.0,1425000000.0,46543100000.0,20358500000.0,443300000.0,-2045000000.0,2108669357.0,78700000.0,24541600000.0,-93000000.0,4051400000.0,2127800000.0,553100000.0,6400500000.0,1455800000,1425000000.0,7186600000.0,3939100000.0,2857100000.0,6017100000.0,-803500000.0,1390100000.0,3569700000.0,8710700000.0,1333800000.0,,,,,
2009-06-30,6017100000.0,29800000.0,1967300000.0,873600000.0,0.0,2110000000.0,20324400000.0,16932300000.0,12457600000.0,0.0,0.0,-2549800000.0,581100000.0,0.74,2719800000.0,2501800000.0,99500000.0,1421200000,2975400000.0,1395300000.0,,526500000.0,495800000.0,-1503200000.0,24125400000.0,272800000.0,749000000.0,5899900000,-12414100000.0,-365200000.0,0.0,6440500000.0,379000000.0,11711300000.0,0.0,83800000.0,83800000.0,2556100000,383800000.0,4474700000.0,0.74,45072800000.0,15163200000.0,29233900000.0,11507100000.0,1439000000.0,1729500000.0,0.0,1556300000.0,49407100000.0,20173200000.0,489300000.0,-609400000.0,2110000000.0,110100000.0,26670300000.0,-154400000.0,4546000000.0,2155300000.0,575600000.0,6331700000.0,1588300000,1556300000.0,6982100000.0,8181100000.0,3124800000.0,12457600000.0,-803400000.0,2618800000.0,3663400000.0,7401800000.0,1353900000.0,,,,,
2009-09-30,12457600000.0,29800000.0,5076800000.0,3905400000.0,0.0,2113700000.0,22907200000.0,22256300000.0,21816900000.0,0.0,-1421000000.0,-2674800000.0,555900000.0,1.62,4506800000.0,866800000.0,130700000.0,1639900000,-2372400000.0,1254000000.0,,568400000.0,1259800000.0,-2272700000.0,23971800000.0,474800000.0,-312100000.0,6049700000,-12358000000.0,-303300000.0,0.0,9291800000.0,1621500000.0,11613800000.0,0.0,84700000.0,84700000.0,5601200000,-615400000.0,439400000.0,1.61,47693100000.0,15364400000.0,29668800000.0,8025700000.0,1439000000.0,1725500000.0,0.0,3424300000.0,48739400000.0,19070600000.0,393700000.0,-97300000.0,2109100000.0,464600000.0,23390100000.0,62000000.0,4619400000.0,2096300000.0,3534200000.0,4997300000.0,3455300000,3424300000.0,7159700000.0,8204700000.0,2979500000.0,21816900000.0,-803900000.0,12011600000.0,3803900000.0,5311300000.0,1430300000.0,,,,,
2009-12-31,21816900000.0,1781300000.0,6464700000.0,258000000.0,-12842600000.0,,59058000000.0,9604500000.0,9311400000.0,0.0,-1018800000.0,-2766500000.0,47655800000.0,,596200000.0,1379200000.0,167100000.0,-234100000,-1849400000.0,1971500000.0,,2236900000.0,-89000000.0,2483700000.0,30868100000.0,1285200000.0,2242500000.0,10093500000,-12594600000.0,-557000000.0,206600000.0,-12438000000.0,-60100000.0,18273500000.0,0.0,133700000.0,133700000.0,7881500000,1685500000.0,293100000.0,,41404900000.0,34846400000.0,28428600000.0,15750700000.0,11923100000.0,3455200000.0,0.0,6493600000.0,112089700000.0,83661100000.0,1249700000.0,-319100000.0,,432300000.0,50597100000.0,59100000.0,5192600000.0,8055300000.0,6855300000.0,5376400000.0,6524800000,6495700000.0,18771500000.0,16074900000.0,5426700000.0,9311400000.0,-1068300000.0,-12864500000.0,6602900000.0,9453800000.0,4900900000.0,,,,,
2010-03-31,9311400000.0,1786000000.0,615800000.0,-14000000.0,-131300000.0,3141000000.0,57878100000.0,9777300000.0,8236000000.0,0.0,-622300000.0,-3571600000.0,45574900000.0,0.095842,272700000.0,3822400000.0,181200000.0,933700000,942200000.0,2026700000.0,,2074900000.0,152200000.0,-1064000000.0,30205300000.0,723000000.0,1366100000.0,11422200000,-12220300000.0,-342800000.0,206200000.0,-1075400000.0,285600000.0,17985000000.0,,132400000.0,132400000.0,2484400000,1023300000.0,1541300000.0,0.09,40511400000.0,34795300000.0,28244900000.0,16455300000.0,12266200000.0,3246200000.0,0.0,298800000.0,111593800000.0,83348900000.0,1687400000.0,-2932700000.0,3117641862.0,1995000000.0,51250600000.0,-62600000.0,6206600000.0,6825400000.0,-148700000.0,5527800000.0,330200000,298800000.0,19514200000.0,15281100000.0,5272900000.0,8236000000.0,-1188600000.0,-3148100000.0,7497700000.0,8439000000.0,5215600000.0,,,,,
2010-06-30,8236000000.0,1786500000.0,1240800000.0,686400000.0,-10000000.0,3125500000.0,55231700000.0,9942600000.0,8665600000.0,0.0,-3800000.0,-4658700000.0,43281400000.0,0.244183,1426900000.0,4147300000.0,184800000.0,1443800000,-3463300000.0,2150900000.0,,2171500000.0,-471100000.0,1058500000.0,30154000000.0,879400000.0,3324900000.0,11346300000,-12819800000.0,-337000000.0,206000000.0,429600000.0,460600000.0,17334200000.0,,141800000.0,141800000.0,3373300000,2987900000.0,1277000000.0,0.24,40081800000.0,33084200000.0,26253600000.0,15420600000.0,12225500000.0,3202700000.0,0.0,752400000.0,106170500000.0,79916900000.0,1947700000.0,-1302500000.0,3114300000.0,2045600000.0,48504800000.0,-57500000.0,6797400000.0,6244200000.0,-39800000.0,5030200000.0,780200000,752400000.0,19248900000.0,13835300000.0,5353600000.0,8665600000.0,-1189300000.0,463800000.0,6276100000.0,6834400000.0,4548900000.0,,,,,
2010-09-30,8665600000.0,1788500000.0,498000000.0,107400000.0,-10500000.0,3101600000.0,55592800000.0,10624800000.0,9874400000.0,0.0,-63200000.0,-3490000000.0,42954400000.0,0.110912,2026700000.0,4116000000.0,173000000.0,1420000000,-1625000000.0,2322000000.0,,2242400000.0,-423900000.0,787100000.0,30465400000.0,1629700000.0,2591900000.0,11125000000,-13349600000.0,-337900000.0,0.0,1208800000.0,126000000.0,17115800000.0,-296100000.0,125300000.0,125300000.0,2550900000,2254000000.0,750400000.0,0.11,39245400000.0,32468500000.0,27756000000.0,17323300000.0,12480800000.0,3192000000.0,0.0,342000000.0,107840100000.0,80084100000.0,1879900000.0,-1590900000.0,3079918606.0,2137500000.0,49791800000.0,-75400000.0,6934000000.0,6263600000.0,-772000000.0,5395600000.0,372000000,342000000.0,18436600000.0,14031900000.0,5514000000.0,9874400000.0,-1181300000.0,194800000.0,7297500000.0,8159500000.0,4191000000.0,,,,,
2010-12-31,9874400000.0,1788000000.0,-701200000.0,-353800000.0,-104200000.0,,54376000000.0,12201000000.0,10900000000.0,0.0,-651700000.0,-3216000000.0,39456000000.0,,834700000.0,2400000000.0,176400000.0,-441600000,-1294900000.0,4517000000.0,,2308000000.0,-349200000.0,148400000.0,30563000000.0,,3539100000.0,12093700000,-13481000000.0,-660300000.0,0.0,1026000000.0,-201200000.0,17082000000.0,300000.0,-66600000.0,109500000.0,1341200000,2878800000.0,1301000000.0,,37536000000.0,33335000000.0,29064000000.0,15641000000.0,12378000000.0,3578200000.0,0.0,-531700000.0,105781000000.0,76717000000.0,1866000000.0,-1370900000.0,,2175000000.0,48976000000.0,89500000.0,7653600000.0,5868000000.0,-109500000.0,5626000000.0,-500000000,-531700000.0,17853000000.0,15482000000.0,8095200000.0,10900000000.0,-1293800000.0,-1007500000.0,7344000000.0,8514000000.0,4440100000.0,,,,,
2011-03-31,10900000000.0,1788000000.0,1729000000.0,-19000000.0,0.0,3104000000.0,54384000000.0,13029000000.0,11695000000.0,0.0,-4000000.0,-3170000000.0,37906000000.0,0.338056,1524000000.0,2202000000.0,186000000.0,2199000000,-1172000000.0,2158000000.0,,2402000000.0,-214000000.0,-1067000000.0,31348000000.0,,1721000000.0,11580000000,-14515000000.0,-324000000.0,0.0,795000000.0,658000000.0,16833000000.0,,-222000000.0,93000000.0,3746000000,1397000000.0,1334000000.0,0.338056,37400000000.0,33364000000.0,31024000000.0,15662000000.0,12207000000.0,3164000000.0,0.0,1043000000.0,105865000000.0,74841000000.0,1831000000.0,-1382000000.0,3085291294.0,2084000000.0,49026000000.0,167000000.0,7521000000.0,6057000000.0,-325000000.0,5811000000.0,1071000000,1043000000.0,17720000000.0,15644000000.0,5322000000.0,11695000000.0,-1175000000.0,105000000.0,7955000000.0,8555000000.0,4059000000.0,,,,,
2011-06-30,11695000000.0,1788000000.0,1672000000.0,-9000000.0,-373000000.0,3110000000.0,55496000000.0,13981000000.0,12342000000.0,0.0,-1261000000.0,-2776000000.0,37065000000.0,0.656501,1366000000.0,2523000000.0,182000000.0,2406000000,-1257000000.0,1936000000.0,,2143000000.0,-627000000.0,-418000000.0,31866000000.0,,2852000000.0,12151000000,-15195000000.0,-365000000.0,0.0,647000000.0,-382000000.0,16671000000.0,,-234000000.0,107000000.0,3686000000,2487000000.0,1639000000.0,0.65,38243000000.0,32510000000.0,32368000000.0,15763000000.0,12382000000.0,3525000000.0,0.0,2024000000.0,106195000000.0,73827000000.0,1832000000.0,-1684000000.0,3083012450.0,2175000000.0,48273000000.0,-224000000.0,7867000000.0,6225000000.0,-603000000.0,5534000000.0,2054000000,2024000000.0,16727000000.0,15783000000.0,5461000000.0,12342000000.0,-1176000000.0,-1048000000.0,8475000000.0,8747000000.0,4284000000.0,,,,,
2011-09-30,12342000000.0,1788000000.0,2352000000.0,-62000000.0,0.0,3091000000.0,55140000000.0,15576000000.0,14253000000.0,0.0,-12000000.0,-2713000000.0,35822000000.0,0.55,1850000000.0,2455000000.0,189000000.0,2376000000,-2244000000.0,1954000000.0,,2282000000.0,-133000000.0,821000000.0,32057000000.0,,4577000000.0,12022000000,-15674000000.0,-431000000.0,0.0,1911000000.0,628000000.0,16383000000.0,-1045000000.0,249000000.0,87000000.0,4444000000,4146000000.0,1323000000.0,0.55,38763000000.0,32345000000.0,34109000000.0,16593000000.0,12228000000.0,3340000000.0,0.0,1692000000.0,106534000000.0,72425000000.0,1903000000.0,-1620000000.0,3070000000.0,2423000000.0,48938000000.0,-4000000.0,7670000000.0,6239000000.0,120000000.0,5569000000.0,1724000000,1692000000.0,16653000000.0,15692000000.0,5294000000.0,14253000000.0,-1175000000.0,-263000000.0,8136000000.0,9228000000.0,4352000000.0,,,,,
2011-12-31,14253000000.0,1788000000.0,1581000000.0,-26000000.0,0.0,3069000000.0,54517000000.0,14972000000.0,13531000000.0,0.0,-270000000.0,-3132000000.0,34302000000.0,0.497231,1584000000.0,1990000000.0,192000000.0,1995000000,-2231000000.0,2419000000.0,,2462000000.0,-563000000.0,-102000000.0,32473000000.0,781000000.0,3233000000.0,12294000000,-16176000000.0,-603000000.0,0.0,-722000000.0,38000000.0,16297000000.0,-562000000.0,530000000.0,82000000.0,3634000000,2630000000.0,1441000000.0,0.49,38990000000.0,31940000000.0,33181000000.0,16245000000.0,12155000000.0,3704000000.0,0.0,1497000000.0,105128000000.0,71947000000.0,1861000000.0,-2639000000.0,3040838643.0,3458000000.0,48185000000.0,39000000.0,8118000000.0,6254000000.0,-284000000.0,5735000000.0,1543000000,1512000000.0,16415000000.0,15525000000.0,6123000000.0,13531000000.0,-1285000000.0,-1684000000.0,8261000000.0,9731000000.0,4176000000.0,,,,,
2012-03-31,13531000000.0,1788000000.0,2507000000.0,-11000000.0,,3074000000.0,54860000000.0,15566000000.0,14656000000.0,0.0,,-3217000000.0,33000000000.0,0.571338,2797000000.0,2930000000.0,195000000.0,2758000000,-725000000.0,1862000000.0,,2358000000.0,-41000000.0,-1474000000.0,32821000000.0,,2154000000.0,11731000000,-16697000000.0,-331000000.0,0.0,1125000000.0,740000000.0,16124000000.0,-456000000.0,71000000.0,76000000.0,4492000000,1823000000.0,910000000.0,0.56,39441000000.0,31613000000.0,34344000000.0,16582000000.0,12156000000.0,3074000000.0,0.0,1738000000.0,105509000000.0,71165000000.0,1790000000.0,-2725000000.0,3041984306.0,3972000000.0,48195000000.0,-3000000.0,7694000000.0,6339000000.0,-131000000.0,5913000000.0,1767000000,1738000000.0,16385000000.0,15228000000.0,4936000000.0,14656000000.0,-1279000000.0,-270000000.0,8726000000.0,8823000000.0,4037000000.0,,,,,
2012-06-30,14656000000.0,1788000000.0,2680000000.0,32000000.0,,3074000000.0,55194000000.0,17450000000.0,16752000000.0,0.0,,-3126000000.0,31620000000.0,0.571916,1377000000.0,3922000000.0,172000000.0,2927000000,-586000000.0,2165000000.0,,1674000000.0,-324000000.0,-585000000.0,32916000000.0,,2920000000.0,12311000000,-17049000000.0,-431000000.0,0.0,2096000000.0,860000000.0,15867000000.0,-529000000.0,72000000.0,93000000.0,4656000000,2489000000.0,698000000.0,0.56,39950000000.0,30940000000.0,35639000000.0,16912000000.0,12158000000.0,3249000000.0,0.0,1793000000.0,105525000000.0,69886000000.0,1804000000.0,-1276000000.0,3038908996.0,4085000000.0,47852000000.0,0.0,8199000000.0,6249000000.0,-151000000.0,6156000000.0,1820000000,1793000000.0,15883000000.0,15057000000.0,5272000000.0,16752000000.0,-1280000000.0,-298000000.0,8152000000.0,8917000000.0,4112000000.0,,,,,
2012-09-30,16752000000.0,1788000000.0,2218000000.0,32000000.0,0.0,3074000000.0,55747000000.0,18117000000.0,17360000000.0,0.0,-2000000.0,-3040000000.0,30325000000.0,0.570883,1433000000.0,2029000000.0,178000000.0,2370000000,-738000000.0,1918000000.0,,1804000000.0,82000000.0,-282000000.0,33359000000.0,,3139000000.0,11488000000,-17475000000.0,-414000000.0,0.0,608000000.0,455000000.0,15884000000.0,-454000000.0,-177000000.0,88000000.0,4119000000,2725000000.0,757000000.0,0.56,40390000000.0,32506000000.0,36229000000.0,15583000000.0,12168000000.0,3063000000.0,0.0,1729000000.0,106301000000.0,70072000000.0,1723000000.0,-2890000000.0,3044404255.0,5560000000.0,48089000000.0,-51000000.0,7351000000.0,6731000000.0,-21000000.0,6135000000.0,1763000000,1729000000.0,14935000000.0,17571000000.0,4981000000.0,17360000000.0,-1277000000.0,-1839000000.0,7952000000.0,8923000000.0,4137000000.0,,,,,
2012-12-31,17360000000.0,1788000000.0,1334000000.0,154000000.0,0.0,3074000000.0,53020000000.0,16141000000.0,13451000000.0,0.0,-18000000.0,-4682000000.0,29083000000.0,0.46289,2176000000.0,4315000000.0,190000000.0,1963000000,-1218000000.0,2224000000.0,,1753000000.0,952000000.0,-1795000000.0,33415000000.0,1200000000.0,1809000000.0,11737000000,-17385000000.0,-778000000.0,0.0,-3909000000.0,385000000.0,16030000000.0,-1152000000.0,62000000.0,78000000.0,3185000000,1031000000.0,2690000000.0,0.46,39985000000.0,32321000000.0,34857000000.0,18348000000.0,12134000000.0,3390000000.0,0.0,904000000.0,106132000000.0,71275000000.0,1661000000.0,-5950000000.0,3026635301.0,7305000000.0,50669000000.0,140000000.0,7577000000.0,6535000000.0,-494000000.0,6723000000.0,949000000,907000000.0,16067000000.0,16254000000.0,5614000000.0,13451000000.0,-1400000000.0,-4398000000.0,7672000000.0,9737000000.0,4160000000.0,,,,,
2013-03-31,13451000000.0,1788000000.0,1550000000.0,47000000.0,,3053000000.0,53029000000.0,16022000000.0,13024000000.0,0.0,-506000000.0,-4629000000.0,28108000000.0,0.527942,3161000000.0,4736000000.0,184000000.0,1818000000,-1421000000.0,1907000000.0,,2084000000.0,-71000000.0,-1173000000.0,33424000000.0,1075000000.0,2341000000.0,10671000000,-17622000000.0,-351000000.0,0.0,-427000000.0,-66000000.0,15802000000.0,-580000000.0,326000000.0,67000000.0,3408000000,1990000000.0,2998000000.0,0.52,40272000000.0,31792000000.0,35244000000.0,18802000000.0,12207000000.0,2987000000.0,0.0,1593000000.0,106200000000.0,70956000000.0,1674000000.0,-4010000000.0,3017375569.0,7948000000.0,50594000000.0,-1000000.0,6712000000.0,6773000000.0,-141000000.0,6891000000.0,1616000000,1593000000.0,15703000000.0,16089000000.0,4894000000.0,13024000000.0,-1306000000.0,-1153000000.0,7965000000.0,9569000000.0,3959000000.0,,,,,
2013-06-30,13024000000.0,1788000000.0,1245000000.0,52000000.0,,3010000000.0,47500000000.0,18098000000.0,15090000000.0,0.0,-9000000.0,-4760000000.0,26333000000.0,0.309588,4034000000.0,5582000000.0,201000000.0,1485000000,970000000.0,2101000000.0,,2253000000.0,-248000000.0,-636000000.0,33277000000.0,409000000.0,2338000000.0,11010000000,-17594000000.0,-413000000.0,0.0,2066000000.0,310000000.0,15683000000.0,-5525000000.0,46000000.0,75000000.0,3101000000,1925000000.0,3008000000.0,0.3,39915000000.0,38369000000.0,36995000000.0,18402000000.0,12198000000.0,3140000000.0,0.0,906000000.0,106876000000.0,69881000000.0,1655000000.0,-4808000000.0,2926472850.0,8555000000.0,56771000000.0,-2000000.0,6726000000.0,6766000000.0,-104000000.0,7112000000.0,935000000,906000000.0,15843000000.0,22526000000.0,5241000000.0,15090000000.0,-1332000000.0,-1135000000.0,7779000000.0,8872000000.0,4284000000.0,,,,,
2013-09-30,15090000000.0,1788000000.0,1525000000.0,-51000000.0,,2960000000.0,47419000000.0,18169000000.0,14090000000.0,0.0,0.0,-4698000000.0,25002000000.0,0.38,2628000000.0,3976000000.0,215000000.0,2465000000,-2915000000.0,1660000000.0,,2469000000.0,-213000000.0,1315000000.0,33128000000.0,1298000000.0,3949000000.0,11032000000,-17805000000.0,-355000000.0,0.0,-1000000000.0,375000000.0,15323000000.0,-215000000.0,-85000000.0,68000000.0,3445000000,3594000000.0,4079000000.0,0.38,39773000000.0,38198000000.0,37765000000.0,18215000000.0,12121000000.0,2803000000.0,0.0,1124000000.0,106419000000.0,68654000000.0,1705000000.0,-4259000000.0,2927000000.0,9198000000.0,56413000000.0,-58000000.0,6928000000.0,6741000000.0,-792000000.0,7010000000.0,1150000000,1124000000.0,15551000000.0,22647000000.0,4463000000.0,14090000000.0,-1259000000.0,-2037000000.0,7578000000.0,9183000000.0,4104000000.0,,,,,
2013-12-31,14090000000.0,1788000000.0,1225000000.0,245000000.0,,2959000000.0,49765000000.0,17486000000.0,15621000000.0,0.0,-1260000000.0,-2197000000.0,23801000000.0,0.266778,6475000000.0,4521000000.0,201000000.0,1896000000,-2624000000.0,1835000000.0,,2274000000.0,202000000.0,-300000000.0,33094000000.0,251000000.0,3026000000.0,11320000000,-18121000000.0,-429000000.0,0.0,1531000000.0,410000000.0,14973000000.0,-196000000.0,112000000.0,66000000.0,3380000000,2597000000.0,1865000000.0,0.26,39257000000.0,35451000000.0,35685000000.0,17868000000.0,12301000000.0,2982000000.0,8136000000.0,781000000.0,105645000000.0,69960000000.0,1954000000.0,-4914000000.0,2927526714.0,9770000000.0,53319000000.0,121000000.0,6713000000.0,6226000000.0,-545000000.0,9115000000.0,815000000,781000000.0,6776000000.0,20539000000.0,4817000000.0,15621000000.0,-1380000000.0,1177000000.0,7184000000.0,9501000000.0,4607000000.0,,,,,
2014-03-31,15621000000.0,1788000000.0,2091000000.0,58000000.0,,2971000000.0,49975000000.0,20513000000.0,15828000000.0,3224000000.0,-3000000.0,-2179000000.0,20517000000.0,0.582003,2632000000.0,8559000000.0,188000000.0,2053000000,1620000000.0,1574000000.0,,2434000000.0,-304000000.0,-703000000.0,32918000000.0,595000000.0,2361000000.0,10264000000,-18622000000.0,-205000000.0,848000000.0,207000000.0,360000000.0,14296000000.0,-1167000000.0,-115000000.0,56000000.0,4033000000,2156000000.0,4685000000.0,0.57,39661000000.0,33426000000.0,41240000000.0,22470000000.0,12120000000.0,2734000000.0,7956000000.0,1705000000.0,108460000000.0,67220000000.0,1754000000.0,-6825000000.0,2929538434.0,11456000000.0,55896000000.0,0.0,6361000000.0,6376000000.0,165000000.0,8831000000.0,1731000000,1705000000.0,5881000000.0,19589000000.0,4308000000.0,15828000000.0,-1290000000.0,-3807000000.0,7188000000.0,8707000000.0,3903000000.0,,,,,
2014-06-30,15828000000.0,1788000000.0,1891000000.0,-106000000.0,,2949000000.0,48358000000.0,13395000000.0,9743000000.0,3375000000.0,-2000000.0,-2444000000.0,18830000000.0,0.691104,5889000000.0,4477000000.0,188000000.0,1404000000,-8369000000.0,1664000000.0,,2326000000.0,-942000000.0,-415000000.0,32759000000.0,192000000.0,2315000000.0,10934000000,-18866000000.0,-302000000.0,801000000.0,-6085000000.0,-142000000.0,13893000000.0,-2246000000.0,-77000000.0,78000000.0,3832000000,2013000000.0,3652000000.0,0.68,40366000000.0,31416000000.0,33587000000.0,17928000000.0,11789000000.0,2973000000.0,8175000000.0,2004000000.0,97860000000.0,64273000000.0,1753000000.0,-5555000000.0,2899710364.0,12618000000.0,49344000000.0,49000000.0,6041000000.0,6136000000.0,616000000.0,7143000000.0,2033000000,2004000000.0,4651000000.0,18590000000.0,4637000000.0,9743000000.0,-1339000000.0,-49000000.0,7022000000.0,8829000000.0,4893000000.0,,,,,
2014-09-30,9743000000.0,1788000000.0,1490000000.0,-46000000.0,,2911000000.0,45224000000.0,14347000000.0,11370000000.0,3302000000.0,-2000000.0,-2998000000.0,20395000000.0,0.312845,3705000000.0,9275000000.0,191000000.0,1700000000,1279000000.0,1659000000.0,,2279000000.0,-527000000.0,2068000000.0,32199000000.0,2467000000.0,4348000000.0,10557000000,-18761000000.0,-320000000.0,810000000.0,1627000000.0,648000000.0,13438000000.0,-2670000000.0,142000000.0,75000000.0,3292000000,4028000000.0,2977000000.0,0.31,39989000000.0,30521000000.0,34723000000.0,25927000000.0,13171000000.0,2975000000.0,6968000000.0,895000000.0,101808000000.0,67085000000.0,1611000000.0,-3851000000.0,2860842886.0,13492000000.0,56448000000.0,23000000.0,6334000000.0,5819000000.0,-88000000.0,6589000000.0,842000000,895000000.0,4987000000.0,18566000000.0,4634000000.0,11370000000.0,-1282000000.0,-3722000000.0,6515000000.0,9808000000.0,4223000000.0,,,,,
2014-12-31,11370000000.0,1788000000.0,11811000000.0,209000000.0,-181000000.0,2880000000.0,48647000000.0,15719000000.0,7441000000.0,0.0,-6610000000.0,-4323000000.0,20386000000.0,2.577744,3307000000.0,2704000000.0,165000000.0,1525000000,-9643000000.0,2283000000.0,,2625000000.0,-827000000.0,874000000.0,31140000000.0,1606000000.0,-1164000000.0,10482000000,-18004000000.0,-1490000000.0,0.0,-3929000000.0,4484000000.0,13136000000.0,-1620000000.0,-45000000.0,69000000.0,13549000000,-2654000000.0,8278000000.0,2.54,46021000000.0,30778000000.0,33173000000.0,18766000000.0,12992000000.0,2925000000.0,7813000000.0,7316000000.0,98335000000.0,65162000000.0,1573000000.0,-8713000000.0,2838140196.0,13515000000.0,49544000000.0,136000000.0,6733000000.0,5571000000.0,10375000000.0,5133000000.0,7327000000,7316000000.0,4266000000.0,18699000000.0,5208000000.0,7441000000.0,-1336000000.0,7204000000.0,6626000000.0,10523000000.0,3749000000.0,,,,,
2015-03-31,7441000000.0,1788000000.0,1381000000.0,-52000000.0,-7598000000.0,2865000000.0,47765000000.0,15601000000.0,7980000000.0,0.0,-2902000000.0,-4167000000.0,26080000000.0,0.336941,6287000000.0,4728000000.0,164000000.0,1518000000,5155000000.0,1737000000.0,,2091000000.0,-179000000.0,-618000000.0,29704000000.0,2450000000.0,2284000000.0,9425000000,-16794000000.0,-203000000.0,0.0,539000000.0,423000000.0,12910000000.0,-1015000000.0,551000000.0,63000000.0,1545000000,2081000000.0,7621000000.0,0.33,45692000000.0,39986000000.0,32927000000.0,20442000000.0,17740000000.0,2601000000.0,7677000000.0,953000000.0,108345000000.0,75418000000.0,1637000000.0,-5039000000.0,2828388471.0,13092000000.0,60428000000.0,-8000000.0,5856000000.0,5539000000.0,-47000000.0,5596000000.0,958000000,953000000.0,6803000000.0,25506000000.0,4338000000.0,7980000000.0,-1280000000.0,-6605000000.0,6670000000.0,9867000000.0,3569000000.0,,,,,
2015-06-30,7980000000.0,1788000000.0,807000000.0,12000000.0,0.0,2850000000.0,46448000000.0,11370000000.0,6922000000.0,0.0,-3000000.0,-4332000000.0,24750000000.0,0.243276,6341000000.0,2483000000.0,174000000.0,1737000000,-5485000000.0,1670000000.0,,2335000000.0,-204000000.0,-392000000.0,28936000000.0,1878000000.0,2585000000.0,9785000000,-16306000000.0,-271000000.0,0.0,-1058000000.0,119000000.0,12630000000.0,-709000000.0,26000000.0,83000000.0,981000000,2314000000.0,4448000000.0,0.24,45103000000.0,38436000000.0,28319000000.0,17508000000.0,17707000000.0,2624000000.0,7913000000.0,687000000.0,102582000000.0,74263000000.0,1608000000.0,-3582000000.0,2823955757.0,13333000000.0,55944000000.0,101000000.0,6031000000.0,5306000000.0,-827000000.0,5843000000.0,688000000,687000000.0,6454000000.0,24069000000.0,4294000000.0,6922000000.0,-1302000000.0,2525000000.0,6510000000.0,9517000000.0,3754000000.0,,,,,
2015-09-30,6922000000.0,1788000000.0,2397000000.0,140000000.0,-110000000.0,2836000000.0,45587000000.0,12089000000.0,7548000000.0,0.0,0.0,-4573000000.0,23724000000.0,0.651623,3903000000.0,2543000000.0,165000000.0,2340000000,-2533000000.0,1500000000.0,,2023000000.0,-463000000.0,223000000.0,28525000000.0,2119000000.0,3305000000.0,10073000000,-16043000000.0,-316000000.0,0.0,626000000.0,566000000.0,12482000000.0,-1281000000.0,120000000.0,75000000.0,2562000000,2989000000.0,4541000000.0,0.64,45660000000.0,37970000000.0,28567000000.0,17583000000.0,17761000000.0,2472000000.0,7887000000.0,1826000000.0,101232000000.0,72665000000.0,1570000000.0,-3804000000.0,2802234464.0,13080000000.0,55553000000.0,-38000000.0,6312000000.0,5123000000.0,154000000.0,5618000000.0,1831000000,1826000000.0,5959000000.0,24124000000.0,3972000000.0,7548000000.0,-1272000000.0,-61000000.0,6414000000.0,9610000000.0,3761000000.0,,,,,
2015-12-31,7548000000.0,1788000000.0,815000000.0,121000000.0,-36000000.0,2813000000.0,44676000000.0,13427000000.0,8524000000.0,5153000000.0,-1000000.0,-4148000000.0,22602000000.0,0.350937,3882000000.0,2585000000.0,169000000.0,1953000000,-2407000000.0,1797000000.0,,2533000000.0,82000000.0,519000000.0,28430000000.0,1560000000.0,4247000000.0,10215000000,-15923000000.0,-493000000.0,0.0,976000000.0,-166000000.0,12507000000.0,-1181000000.0,740000000.0,78000000.0,984000000,3754000000.0,4903000000.0,0.35,45348000000.0,37809000000.0,29764000000.0,19203000000.0,17723000000.0,2615000000.0,7345000000.0,976000000.0,101779000000.0,72015000000.0,1560000000.0,-4256000000.0,2781128073.0,13039000000.0,57012000000.0,1000000.0,6365000000.0,4700000000.0,-1044000000.0,6144000000.0,981000000,976000000.0,6535000000.0,23929000000.0,4412000000.0,8524000000.0,-1263000000.0,-617000000.0,6484000000.0,11216000000.0,3850000000.0,,,,,
2016-03-31,8524000000.0,1788000000.0,1624000000.0,-86000000.0,-147000000.0,2795000000.0,43806000000.0,12943000000.0,9716000000.0,3877000000.0,-851000000.0,-4194000000.0,21364000000.0,0.406203,4620000000.0,2113000000.0,172000000.0,1763000000,-2851000000.0,1659000000.0,,2241000000.0,-70000000.0,-875000000.0,28412000000.0,1864000000.0,2158000000.0,9312000000,-16052000000.0,-279000000.0,0.0,1192000000.0,494000000.0,12360000000.0,-913000000.0,97000000.0,68000000.0,3357000000,1879000000.0,3227000000.0,0.4,45192000000.0,37286000000.0,28772000000.0,17568000000.0,17784000000.0,2318000000.0,7374000000.0,1125000000.0,98755000000.0,69983000000.0,1561000000.0,-2367000000.0,2769552710.0,12554000000.0,54854000000.0,-10000000.0,5740000000.0,5102000000.0,-46000000.0,5921000000.0,1130000000,1125000000.0,6256000000.0,23656000000.0,3977000000.0,9716000000.0,-1279000000.0,1741000000.0,6850000000.0,10043000000.0,3572000000.0,,,,,
2016-06-30,9716000000.0,1788000000.0,1504000000.0,107000000.0,-10000000.0,2789000000.0,43357000000.0,11834000000.0,6608000000.0,3928000000.0,-1500000000.0,-4086000000.0,20315000000.0,0.435706,2768000000.0,644000000.0,171000000.0,1657000000,-3381000000.0,2151000000.0,,2514000000.0,-50000000.0,-1563000000.0,27992000000.0,1213000000.0,1615000000.0,9844000000,-16005000000.0,-375000000.0,0.0,-3108000000.0,295000000.0,11987000000.0,-660000000.0,100000000.0,80000000.0,3225000000,1240000000.0,5226000000.0,0.43,45121000000.0,38111000000.0,27926000000.0,14918000000.0,17809000000.0,2458000000.0,8378000000.0,1205000000.0,96475000000.0,68549000000.0,1550000000.0,-3988000000.0,2765627486.0,11879000000.0,53029000000.0,-99000000.0,6266000000.0,5248000000.0,-60000000.0,6559000000.0,1209000000,1205000000.0,6091000000.0,23642000000.0,4609000000.0,6608000000.0,-1300000000.0,-1498000000.0,6916000000.0,9255000000.0,3578000000.0,,,,,
2016-09-30,6608000000.0,1788000000.0,2887000000.0,-43000000.0,-621000000.0,2786000000.0,43744000000.0,13067000000.0,7907000000.0,3765000000.0,-35000000.0,-4252000000.0,20506000000.0,0.790828,3912000000.0,1487000000.0,170000000.0,3070000000,-835000000.0,1664000000.0,,2481000000.0,55000000.0,-564000000.0,28051000000.0,1208000000.0,2971000000.0,10536000000,-16022000000.0,-409000000.0,0.0,1299000000.0,699000000.0,12029000000.0,-845000000.0,50000000.0,77000000.0,4232000000,2562000000.0,5160000000.0,0.78,46028000000.0,38823000000.0,29440000000.0,15555000000.0,18260000000.0,2393000000.0,8793000000.0,2184000000.0,98335000000.0,68895000000.0,1175000000.0,-3729000000.0,2761661188.0,11657000000.0,54378000000.0,-8000000.0,7127000000.0,5244000000.0,-100000000.0,6443000000.0,2188000000,2184000000.0,6374000000.0,23656000000.0,4057000000.0,7907000000.0,-1274000000.0,-890000000.0,7364000000.0,9087000000.0,3409000000.0,,,,,
2016-12-31,7907000000.0,1788000000.0,-1356000000.0,504000000.0,-2000000.0,2776000000.0,40088000000.0,14341000000.0,6515000000.0,4389000000.0,0.0,-5226000000.0,17305000000.0,0.428198,3053000000.0,568000000.0,180000000.0,-459000000,-1977000000.0,4649000000.0,,2807000000.0,-1456000000.0,401000000.0,27775000000.0,2239000000.0,3632000000.0,10115000000,-15749000000.0,-551000000.0,0.0,-1392000000.0,-769000000.0,12026000000.0,-1016000000.0,691000000.0,75000000.0,-21000000,3081000000.0,7826000000.0,0.42,44133000000.0,37865000000.0,30614000000.0,17204000000.0,18162000000.0,2593000000.0,8514000000.0,-595000000.0,95377000000.0,64763000000.0,1155000000.0,-5567000000.0,2748731322.0,11416000000.0,55069000000.0,-1000000.0,6783000000.0,4866000000.0,-801000000.0,5854000000.0,-587000000,-595000000.0,5077000000.0,24274000000.0,7242000000.0,6515000000.0,-1271000000.0,-2563000000.0,7018000000.0,10274000000.0,3332000000.0,,,,,
2017-03-31,6515000000.0,1788000000.0,2003000000.0,-52000000.0,-306000000.0,2766000000.0,39837000000.0,15249000000.0,11708000000.0,4069000000.0,-300000000.0,-5080000000.0,16863000000.0,0.565968,6819000000.0,5037000000.0,182000000.0,2212000000,1461000000.0,1796000000.0,,2484000000.0,-54000000.0,-2535000000.0,28213000000.0,2330000000.0,286000000.0,9434000000,-16171000000.0,-339000000.0,0.0,5193000000.0,447000000.0,12042000000.0,-1019000000.0,-28000000.0,74000000.0,3378000000,-53000000.0,3541000000.0,0.56,44387000000.0,36650000000.0,31530000000.0,19823000000.0,18358000000.0,2411000000.0,8324000000.0,1551000000.0,96561000000.0,65031000000.0,1193000000.0,-2929000000.0,2740435881.0,11896000000.0,56473000000.0,-23000000.0,6419000000.0,5146000000.0,-124000000.0,5872000000.0,1556000000,1551000000.0,4889000000.0,23437000000.0,4207000000.0,11708000000.0,-1294000000.0,3193000000.0,7066000000.0,8658000000.0,3015000000.0,,,,,
2017-06-30,11708000000.0,1788000000.0,2439000000.0,114000000.0,-41000000.0,2752000000.0,39463000000.0,11967000000.0,7786000000.0,3354000000.0,-1000000.0,-5094000000.0,16119000000.0,0.713571,2544000000.0,3181000000.0,193000000.0,2663000000,-6218000000.0,1749000000.0,,2934000000.0,-218000000.0,198000000.0,28469000000.0,1979000000.0,3317000000.0,9930000000,-16375000000.0,-393000000.0,0.0,-3922000000.0,488000000.0,12094000000.0,-1134000000.0,91000000.0,82000000.0,3794000000,2924000000.0,4181000000.0,0.71,45046000000.0,34334000000.0,28167000000.0,18758000000.0,18358000000.0,2438000000.0,8068000000.0,1946000000.0,92804000000.0,64637000000.0,1162000000.0,-3351000000.0,2727128779.0,12138000000.0,53092000000.0,-63000000.0,6850000000.0,5407000000.0,-127000000.0,5928000000.0,1951000000,1946000000.0,4560000000.0,21706000000.0,4187000000.0,7786000000.0,-1307000000.0,-1127000000.0,7439000000.0,9363000000.0,3080000000.0,,,,,
2017-09-30,7786000000.0,1788000000.0,200000000.0,59000000.0,0.0,2727000000.0,38248000000.0,11195000000.0,7901000000.0,3790000000.0,0.0,-4945000000.0,15138000000.0,-0.02,3170000000.0,5157000000.0,189000000.0,267000000,536000000.0,4383000000.0,,2620000000.0,-329000000.0,-2922000000.0,28850000000.0,396000000.0,-1171000000.0,10325000000,-16661000000.0,-441000000.0,0.0,115000000.0,251000000.0,12189000000.0,-159000000.0,656000000.0,76000000.0,1543000000,-1612000000.0,3294000000.0,-0.02,43701000000.0,33710000000.0,27919000000.0,19467000000.0,18340000000.0,2401000000.0,7713000000.0,-56000000.0,91676000000.0,63757000000.0,1154000000.0,-2117000000.0,2727000000.0,12206000000.0,53177000000.0,-81000000.0,7051000000.0,5263000000.0,32000000.0,5884000000.0,-51000000,-56000000.0,4159000000.0,21838000000.0,6784000000.0,7901000000.0,-1283000000.0,671000000.0,7671000000.0,9992000000.0,3274000000.0,,,,,
2017-12-31,7901000000.0,1788000000.0,1879000000.0,-83000000.0,-49000000.0,2715000000.0,34336000000.0,8498000000.0,6092000000.0,4299000000.0,-802000000.0,-4910000000.0,14183000000.0,-0.323369,3131000000.0,3057000000.0,190000000.0,2167000000,-5785000000.0,2281000000.0,,3102000000.0,-2020000000.0,238000000.0,29041000000.0,708000000.0,4015000000.0,10433000000,-16602000000.0,-715000000.0,0.0,-1809000000.0,2917000000.0,12439000000.0,-1702000000.0,50000000.0,80000000.0,3197000000,3300000000.0,2406000000.0,-0.323369,41350000000.0,34689000000.0,24766000000.0,18614000000.0,18284000000.0,2579000000.0,11117000000.0,-1046000000.0,87872000000.0,63106000000.0,1128000000.0,-2342000000.0,2696611608.0,12125000000.0,53303000000.0,-28000000.0,7027000000.0,5096000000.0,-199000000.0,6075000000.0,-1038000000,-1046000000.0,2219000000.0,21353000000.0,4860000000.0,6092000000.0,-1283000000.0,-58000000.0,6873000000.0,10427000000.0,3406000000.0,,,,,
2018-03-31,6096000000.0,1788000000.0,1345000000.0,-269000000.0,0.0,2710000000.0,33668000000.0,7346000000.0,4483000000.0,4112000000.0,-1003000000.0,-5060000000.0,13500000000.0,0.27,1848000000.0,2055000000.0,185000000.0,1149000000,-2722000000.0,3196000000.0,,3162000000.0,-30000000.0,-1473000000.0,29044000000.0,717000000.0,1155000000.0,10037000000,-16483000000.0,-450000000.0,,-1610000000.0,604000000.0,12561000000.0,-566000000.0,700000000.0,80000000.0,2667000000,705000000.0,2863000000.0,0.27,41107000000.0,35180000000.0,24085000000.0,16960000000.0,18304000000.0,2508000000.0,11473000000.0,736000000.0,86041000000.0,61956000000.0,1137000000.0,-1326000000.0,2695000000.0,11033000000.0,52140000000.0,-83000000.0,6853000000.0,5382000000.0,296000000.0,6558000000.0,741000000,736000000.0,2206000000.0,21501000000.0,5704000000.0,4486000000.0,-1299000000.0,-197000000.0,7245000000.0,9709000000.0,3184000000.0,,,,,
2018-06-30,4486000000.0,1788000000.0,2086000000.0,-5000000.0,-372000000.0,2696000000.0,32529000000.0,7594000000.0,5310000000.0,4005000000.0,-2005000000.0,-5122000000.0,12898000000.0,0.64,5555000000.0,3379000000.0,194000000.0,2266000000,-2967000000.0,2274000000.0,,3024000000.0,-228000000.0,199000000.0,29193000000.0,661000000.0,3382000000.0,10465000000,-16567000000.0,-583000000.0,,826000000.0,370000000.0,12626000000.0,-1596000000.0,379000000.0,90000000.0,3506000000,2799000000.0,2284000000.0,0.63,41523000000.0,34146000000.0,24064000000.0,18128000000.0,18274000000.0,2508000000.0,12028000000.0,1707000000.0,85040000000.0,60976000000.0,1226000000.0,-3922000000.0,2683000000.0,10033000000.0,52274000000.0,-194000000.0,7048000000.0,5178000000.0,-67000000.0,7145000000.0,1716000000,1707000000.0,2159000000.0,19959000000.0,4782000000.0,5312000000.0,-1311000000.0,673000000.0,7287000000.0,9755000000.0,3417000000.0,,,,,
2018-09-30,5312000000.0,1788000000.0,2665000000.0,124000000.0,0.0,2678000000.0,32422000000.0,10285000000.0,7826000000.0,3761000000.0,1000000.0,-5151000000.0,12175000000.0,0.73,3840000000.0,3656000000.0,190000000.0,2664000000,-1905000000.0,2068000000.0,,3091000000.0,-133000000.0,-760000000.0,29323000000.0,759000000.0,2793000000.0,10794000000,-16568000000.0,-653000000.0,,2516000000.0,707000000.0,12755000000.0,-996000000.0,576000000.0,91000000.0,3916000000,2140000000.0,2459000000.0,0.73,42189000000.0,33888000000.0,26836000000.0,18586000000.0,18258000000.0,2443000000.0,11887000000.0,1950000000.0,85130000000.0,58294000000.0,1061000000.0,-1651000000.0,2662000000.0,7606000000.0,52474000000.0,-12000000.0,7175000000.0,5416000000.0,99000000.0,7500000000.0,1958000000,1950000000.0,2065000000.0,19936000000.0,4511000000.0,7828000000.0,-1285000000.0,1660000000.0,7374000000.0,9776000000.0,3619000000.0,,,,,
2018-12-31,7828000000.0,1788000000.0,2604000000.0,252000000.0,-59000000.0,,26701000000.0,8864000000.0,7965000000.0,4500000000.0,-1280000000.0,-5545000000.0,11431000000.0,,4009000000.0,5308000000.0,203000000.0,2852000000,-5566000000.0,2214000000.0,,3318000000.0,-118000000.0,481000000.0,29615000000.0,1971000000.0,3592000000.0,10998000000,-16324000000.0,-929000000.0,,139000000.0,826000000.0,13291000000.0,-5933000000.0,-27000000.0,87000000.0,3902000000,2663000000.0,899000000.0,,42579000000.0,33549000000.0,25875000000.0,22206000000.0,18253000000.0,2643000000.0,12041000000.0,1827000000.0,82637000000.0,56762000000.0,1095000000.0,-1095000000.0,,6233000000.0,55755000000.0,-36000000.0,7709000000.0,5440000000.0,-131000000.0,7554000000.0,1778000000,1827000000.0,1702000000.0,19806000000.0,4857000000.0,7967000000.0,-1277000000.0,2178000000.0,7071000000.0,10151000000.0,3289000000.0,,,,,
2019-03-31,7967000000.0,1788000000.0,3067000000.0,38000000.0,,2603000000.0,27539000000.0,8798000000.0,8076000000.0,3233000000.0,0.0,-5346000000.0,10999000000.0,1.128502,1899000000.0,3175000000.0,209000000.0,3408000000,-1614000000.0,1931000000.0,,3018000000.0,194000000.0,-2935000000.0,30129000000.0,807000000.0,1336000000.0,10816000000,-16623000000.0,-595000000.0,,110000000.0,205000000.0,13506000000.0,-1090000000.0,120000000.0,93000000.0,3276000000,741000000.0,722000000.0,1.12,44065000000.0,36141000000.0,25351000000.0,18543000000.0,18170000000.0,2425000000.0,11585000000.0,2915000000.0,82354000000.0,57003000000.0,898000000.0,-974000000.0,2583071214.0,5621000000.0,54684000000.0,-92000000.0,7764000000.0,5712000000.0,-221000000.0,8707000000.0,2862000000,2915000000.0,1835000000.0,22721000000.0,4356000000.0,8077000000.0,-1428000000.0,368000000.0,7608000000.0,10081000000.0,3052000000.0,,,,,
2019-06-30,8077000000.0,1788000000.0,3259000000.0,47000000.0,,2588000000.0,27635000000.0,7105000000.0,6659000000.0,3382000000.0,0.0,-5362000000.0,13381000000.0,1.040208,3036000000.0,3816000000.0,233000000.0,3458000000,-2084000000.0,2189000000.0,,3142000000.0,-343000000.0,-443000000.0,30911000000.0,634000000.0,3084000000.0,11760000000,-17049000000.0,-782000000.0,,-1417000000.0,615000000.0,13862000000.0,-1235000000.0,-6000000.0,111000000.0,3492000000,2302000000.0,446000000.0,1.03,45295000000.0,36143000000.0,24298000000.0,20085000000.0,19490000000.0,2712000000.0,11283000000.0,2670000000.0,83965000000.0,59667000000.0,973000000.0,-836000000.0,2566795022.0,3779000000.0,56228000000.0,-115000000.0,8359000000.0,5847000000.0,-41000000.0,9155000000.0,2644000000,2670000000.0,2089000000.0,22771000000.0,4901000000.0,6660000000.0,-1468000000.0,-2425000000.0,7964000000.0,11054000000.0,3401000000.0,,,,,
2019-09-30,6660000000.0,1788000000.0,2347000000.0,235000000.0,-1039000000.0,2572000000.0,26838000000.0,8018000000.0,7869000000.0,2312000000.0,0.0,-5390000000.0,12307000000.0,0.74523,2524000000.0,3411000000.0,231000000.0,2614000000,-3152000000.0,3204000000.0,,3198000000.0,-237000000.0,-91000000.0,31568000000.0,873000000.0,4226000000.0,12397000000,-17281000000.0,-959000000.0,,1211000000.0,440000000.0,14287000000.0,-1405000000.0,1087000000.0,102000000.0,2578000000,3267000000.0,149000000.0,0.74,45804000000.0,35722000000.0,26142000000.0,20684000000.0,19480000000.0,2589000000.0,11085000000.0,1901000000.0,83331000000.0,57189000000.0,845000000.0,-570000000.0,2550888630.0,2111000000.0,56406000000.0,-33000000.0,8407000000.0,7370000000.0,-97000000.0,9004000000.0,1907000000,1901000000.0,1960000000.0,22677000000.0,5793000000.0,7871000000.0,-1394000000.0,191000000.0,8442000000.0,11768000000.0,3990000000.0,,,,,
