date,quarterlyFreeCashFlow,quarterlyOtherShortTermInvestments,quarterlyBasicAverageShares,quarterlyTotalNonCurrentLiabilitiesNetMinorityInterest,quarterlyRetainedEarnings,quarterlyBasicEPS,quarterlyCurrentAssets,quarterlyCurrentLiabilities,quarterlyGoodwill,quarterlyOtherNonCurrentLiabilities,quarterlyTotalNonCurrentAssets,quarterlyTotalAssets,quarterlyNetIncomeCommonStockholders,quarterlyPurchaseOfInvestment,quarterlyDepreciationAndAmortization,quarterlyOtherNonCurrentAssets,quarterlyTotalLiabilitiesNetMinorityInterest,quarterlyChangeInAccountPayable,quarterlyGrossProfit,quarterlyNetOtherFinancingCharges,quarterlyInvestmentsAndAdvances,quarterlyOtherIncomeExpense,quarterlyNetIncome,quarterlyNetIncomeContinuousOperations,quarterlyNonCurrentDeferredTaxesLiabilities,quarterlySellingGeneralAndAdministration,quarterlyLongTermDebt,quarterlyOperatingExpense,quarterlyChangeInInventory,quarterlyEndCashPosition,quarterlyInventory,quarterlyDilutedAverageShares,quarterlyInvestingCashFlow,quarterlyCostOfRevenue,quarterlyCurrentAccruedExpenses,quarterlyAccountsReceivable,quarterlyStockholdersEquity,quarterlyCapitalStock,quarterlyBeginningCashPosition,quarterlyPurchaseOfBusiness,quarterlyNetOtherInvestingChanges,quarterlyPretaxIncome,quarterlyCashAndCashEquivalents,quarterlyAccumulatedDepreciation,quarterlyRepaymentOfDebt,quarterlyCashCashEquivalentsAndMarketableSecurities,quarterlyOtherCurrentAssets,quarterlyChangesInAccountReceivables,quarterlyOtherIntangibleAssets,quarterlySaleOfInvestment,quarterlyOperatingIncome,quarterlyCashFlowFromContinuingFinancingActivities,quarterlyCapitalExpenditure,quarterlyInterestExpense,quarterlyCurrentDebt,quarterlyAccountsPayable,quarterlyChangeInWorkingCapital,quarterlyResearchAndDevelopment,quarterlyGainsLossesNotAffectingRetainedEarnings,quarterlyNetPPE,quarterlyDeferredIncomeTax,quarterlyDilutedEPS,quarterlyTotalRevenue,quarterlyOperatingCashFlow,quarterlyIncomeTaxPayable,quarterlyGrossPPE,quarterlyChangeInCashSupplementalAsReported,quarterlyOtherCurrentLiabilities,quarterlyOtherNonCashItems,quarterlyTaxProvision,quarterlyStockBasedCompensation,quarterlyEbitda,quarterlyRepurchaseOfCapitalStock,quarterlyCurrentDeferredRevenue,quarterlyNonCurrentDeferredRevenue,quarterlyCommonStockIssuance,quarterlyCashDividendsPaid
2014-09-30,32000000,,,,,,,,,,,,39000000,,8000000,,,,93000000,-19000000.0,,0,39000000,40000000,,29000000,,29000000,,28000000,,,-29000000,190000000,,,,,14000000,,0,60000000,,,,,,,,,64000000,-19000000.0,-29000000,4000000,,,17000000,,,,1000000.0,,283000000,61000000,,,14000000,,-6000000.0,20000000,,72000000,,,,,
2014-12-31,-1000000,,,159000000.0,,,271000000.0,139000000.0,13000000.0,6000000.0,447000000.0,718000000.0,27000000,,9000000,11000000.0,298000000.0,,68000000,-7000000.0,,6000000,27000000,28000000,67000000.0,27000000,86000000.0,27000000,,20000000,130000000.0,,-43000000,173000000,30000000.0,114000000.0,417000000.0,,28000000,,-1000000,43000000,20000000.0,-440000000.0,,20000000.0,7000000.0,,13000000.0,,41000000,-4000000.0,-42000000,4000000,3000000.0,96000000.0,1000000,,-7000000.0,410000000.0,0.0,,241000000,41000000,,850000000.0,-8000000,0.0,3000000.0,15000000,,56000000,,,,,
2015-03-31,-35200000,,42072000.0,,,0.546682,,,,,,,23000000,,8500000,,,-11800000.0,69100000,24600000.0,,-400000,23000000,24200000,,28200000,,28200000,-10400000.0,17600000,,42072000.0,-18300000,170100000,,,,,19900000,,0,36400000,,,,,,-14800000.0,,,40900000,32500000.0,-18300000,4100000,,,-47400000,,,,-2200000.0,0.546682,239200000,-16900000,,,-2300000,,0.0,12200000,,49000000,,,,,
2015-06-30,9200000,,42072000.0,158000000.0,,0.615611,305000000.0,120000000.0,13000000.0,6000000.0,451000000.0,756000000.0,25900000,,8500000,15000000.0,278000000.0,,85100000,-14600000.0,,-5000000,25900000,27100000,66000000.0,32100000,86000000.0,32100000,,15000000,145000000.0,42072000.0,-18700000,177100000,28000000.0,128000000.0,474000000.0,,17600000,,0,43600000,15000000.0,-451000000.0,,15000000.0,17000000.0,,12000000.0,,53000000,-10500000.0,-18700000,4400000,15000000.0,68000000.0,-10600000,,-12000000.0,411000000.0,1200000.0,0.615611,262200000,27900000,,862000000.0,-2700000,0.0,,16500000,,56500000,,,,,
2015-09-30,-4000000,,42072000.0,158000000.0,,0.556189,313000000.0,104000000.0,12000000.0,6000000.0,467000000.0,780000000.0,23400000,,8000000,18000000.0,262000000.0,,77600000,18000000.0,,-4000000,23400000,24700000,66000000.0,28000000,86000000.0,28000000,,30000000,147000000.0,42072000.0,-26000000,178900000,20000000.0,117000000.0,514000000.0,,15000000,,1000000,40500000,30000000.0,-443000000.0,,30000000.0,19000000.0,,11000000.0,,49600000,14000000.0,-27000000,5100000,11000000.0,59000000.0,-10000000,,-16000000.0,426000000.0,0.0,0.556189,256500000,23000000,,869000000.0,15000000,0.0,,15800000,,53600000,,,,,
2015-12-31,1000000,,,163000000.0,,,299000000.0,97000000.0,12000000.0,4000000.0,483000000.0,782000000.0,5000000,,10000000,6000000.0,260000000.0,,49000000,-1000000.0,,2000000,5000000,6000000,76000000.0,26000000,,26000000,,32000000,151000000.0,,-27000000,161000000,22000000.0,96000000.0,517000000.0,,30000000,,0,18000000,32000000.0,-445000000.0,,32000000.0,5000000.0,,21000000.0,,23000000,-9000000.0,-38000000,7000000,9000000.0,65000000.0,7000000,,-17000000.0,438000000.0,11000000.0,,210000000,39000000,1000000.0,883000000.0,2000000,0.0,,12000000,,35000000,,,,,
2016-03-31,-12300000,,42000000.0,157000000.0,,0.195238,311300000.0,102800000.0,12200000.0,5100000.0,482200000.0,793500000.0,8200000,,9000000,19500000.0,259800000.0,-2900000.0,60000000,2900000.0,,-7200000,8200000,9800000,71900000.0,27600000,,27600000,-19900000.0,22700000,171500000.0,42000000.0,-11300000,143900000,31600000.0,95800000.0,528300000.0,,32000000,,0,19800000,22700000.0,-453500000.0,,22700000.0,0.0,1100000.0,9300000.0,,32400000,2900000.0,-11300000,5400000,8900000.0,62300000.0,-14300000,,-17200000.0,441200000.0,-3800000.0,0.195238,203900000,-1000000,,894700000.0,-9300000,0.0,-1800000.0,10000000,,34200000,,,,,
2016-06-30,26800000,,42102000.0,644800000.0,13900000.0,0.56,352700000.0,126200000.0,12500000.0,9200000.0,554900000.0,907600000.0,23700000,,9300000,17900000.0,771000000.0,12000000.0,76100000,-405200000.0,69100000.0,-3800000,23700000,25800000,69000000.0,28900000,566600000.0,28900000,15900000.0,55700000,156800000.0,42126000.0,-80000000,172600000,30100000.0,116700000.0,129900000.0,400000.0,22700000,,-69100000,38400000,55700000.0,-461200000.0,,55700000.0,0.0,-19400000.0,8700000.0,,47200000,75400000.0,-10900000,5000000,0.0,88800000.0,4900000,,-12500000.0,442800000.0,-6800000.0,0.56,248700000,37700000,7300000.0,904000000.0,33000000,0.0,3800000.0,12600000,,52700000,,,,,
2016-09-30,22800000,,42103000.0,594000000.0,6800000.0,-0.17,313300000.0,119000000.0,12400000.0,9300000.0,532100000.0,845400000.0,-7100000,-300000.0,10100000,18300000.0,713000000.0,-17100000.0,81000000,-2000000.0,69400000.0,-37000000,-7100000,-4800000,71200000.0,29700000,513500000.0,29700000,2100000.0,27100000,154700000.0,42103000.0,-15400000,171000000,39100000.0,108000000.0,125300000.0,400000.0,55700000,,-300000,10500000,27100000.0,-471300000.0,1200000.0,27100000.0,0.0,7500000.0,8000000.0,,51300000,-50300000.0,-15100000,3800000,5000000.0,74400000.0,-2900000,,-12200000.0,419900000.0,2000000.0,-0.17,252000000,37900000,500000.0,891200000.0,-28600000,0.0,31400000.0,15300000,2200000.0,24400000,,,,,
2016-12-31,33900000,,42100000.0,561300000.0,16000000.0,0.22,295200000.0,136900000.0,12400000.0,3600000.0,537600000.0,832800000.0,10400000,-300000.0,10400000,8800000.0,698200000.0,6500000.0,57300000,-1600000.0,69700000.0,-7500000,10400000,13600000,69800000.0,27800000,481300000.0,27800000,-300000.0,30500000,151200000.0,42300000.0,-19700000,146400000,41200000.0,89800000.0,127000000.0,400000.0,27100000,,-300000,18300000,30500000.0,-496600000.0,-1200000.0,30500000.0,5800000.0,16500000.0,18100000.0,,29500000,-31400000.0,-19400000,5100000,7500000.0,79200000.0,25100000,,-19000000.0,422800000.0,700000.0,0.22,203700000,53300000,5300000.0,919400000.0,3400000,38400000.0,-500000.0,4700000,1700000.0,33800000,,,,,
2017-03-31,-4200000,,42127000.0,575300000.0,35000000.0,0.45,322600000.0,127400000.0,12500000.0,11200000.0,538900000.0,861500000.0,19000000,-2600000.0,10300000,23500000.0,702700000.0,-1800000.0,70700000,-3100000.0,70200000.0,-2300000,19000000,23000000,73300000.0,26000000,490800000.0,31100000,-8300000.0,31000000,160100000.0,42376000.0,-16300000,147800000,32800000.0,107000000.0,149800000.0,400000.0,30500000,,-3000000,34000000,29700000.0,-507000000.0,13100000.0,29700000.0,0.0,-17000000.0,6700000.0,,39600000,10000000.0,-10700000,3300000,11300000.0,75300000.0,-32100000,5100000.0,-17100000.0,422400000.0,3300000.0,0.45,218500000,6500000,8000000.0,929400000.0,500000,0.0,-800000.0,11000000,2400000.0,47600000,,,,,
2017-06-30,35100000,,42145000.0,544500000.0,67100000.0,0.76,332300000.0,133500000.0,12400000.0,11400000.0,541800000.0,874100000.0,32100000,-100000.0,10100000,25000000.0,678000000.0,-400000.0,89800000,-2200000.0,70400000.0,-3000000,32100000,35800000,69600000.0,26300000,463500000.0,31000000,5900000.0,41100000,154600000.0,42427000.0,-11200000,170500000,42100000.0,113100000.0,185600000.0,400000.0,31000000,,0,53000000,40600000.0,-513000000.0,-22200000.0,40600000.0,0.0,-5900000.0,6100000.0,,58800000,-25100000.0,-11100000,2800000,15000000.0,75900000.0,1900000,4700000.0,-15200000.0,424100000.0,-3900000.0,0.76,260300000,46200000,500000.0,937100000.0,10100000,0.0,-800000.0,17200000,2500000.0,65900000,,,,,
2017-09-30,66500000,,42139000.0,525300000.0,100900000.0,0.8,356800000.0,150900000.0,12500000.0,12300000.0,553000000.0,909800000.0,33800000,-100000.0,10000000,28500000.0,676200000.0,4900000.0,93200000,-5100000.0,70800000.0,-3900000,33800000,38400000,64300000.0,26200000,448700000.0,31000000,1000000.0,70500000,154500000.0,42549000.0,-14500000,170900000,53300000.0,109600000.0,221900000.0,400000.0,41100000,,0,55100000,70200000.0,-520700000.0,-102800000.0,70200000.0,0.0,3800000.0,5400000.0,,62200000,-34800000.0,-14400000,3200000,4700000.0,83700000.0,29400000,4800000.0,-12900000.0,431900000.0,-5400000.0,0.79,264100000,80900000,9200000.0,952600000.0,29400000,0.0,5100000.0,16700000,2500000.0,68300000,-1900000.0,,,,
2017-12-31,24300000,1800000.0,42100000.0,498500000.0,142800000.0,0.98,368700000.0,153200000.0,12400000.0,4200000.0,560900000.0,929600000.0,41600000,-200000.0,10000000,7100000.0,651700000.0,-1000000.0,75300000,-4400000.0,71300000.0,-3000000,41600000,48000000,41300000.0,27900000,444000000.0,33100000,-5200000.0,87900000,160000000.0,42600000.0,-16600000,154200000,57300000.0,100000000.0,263900000.0,400000.0,70500000,,0,32700000,87900000.0,-522800000.0,0.0,89700000.0,5500000.0,9600000.0,23400000.0,,42200000,-7900000.0,-16400000,8800000,9400000.0,83100000.0,-3900000,5200000.0,-11700000.0,438500000.0,-19700000.0,0.97,229500000,40700000,1500000.0,961300000.0,17400000,50900000.0,2000000.0,-15300000,2700000.0,51500000,-4000000.0,,,,
2018-03-31,-3600000,,42100000.0,791200000.0,175200000.0,0.73,400700000.0,150100000.0,129400000.0,14500000.0,853600000.0,1254300000.0,30800000,0.0,11500000,31200000.0,941300000.0,8900000.0,85100000,-12500000.0,71300000.0,-2000000,30800000,35800000,42800000.0,26500000,733900000.0,31500000,-23100000.0,55000000,192100000.0,42600000.0,-327400000,150100000,35600000.0,130400000.0,299300000.0,400000.0,87900000,-315000000.0,600000,45500000,55000000.0,-524400000.0,0.0,55000000.0,23200000.0,-13400000.0,134500000.0,300000.0,53600000,284900000.0,-13300000,6100000,14100000.0,91800000.0,-43100000,5000000.0,-7700000.0,483100000.0,600000.0,0.72,235200000,9700000,8600000.0,1007500000.0,-32900000,38600000.0,1400000.0,9700000,3100000.0,63100000,-3100000.0,,,,
2018-06-30,44300000,,42100000.0,788000000.0,221900000.0,1.11,457600000.0,177300000.0,130200000.0,14700000.0,857000000.0,1314600000.0,46700000,0.0,15900000,34000000.0,965300000.0,12100000.0,115500000,-7900000.0,71800000.0,-1900000,46700000,52200000,43800000.0,35900000,729500000.0,41200000,-5900000.0,83000000,195100000.0,42600000.0,-20700000,193100000,52700000.0,148100000.0,338000000.0,400000.0,55000000,0.0,-4400000,64600000,83000000.0,-530600000.0,0.0,83000000.0,,-18400000.0,132800000.0,800000.0,74300000,-13000000.0,-17100000,7800000,18800000.0,105800000.0,-12200000,5300000.0,-14000000.0,484100000.0,500000.0,1.1,308600000,61400000,,1014700000.0,28000000,43200000.0,1100000.0,12400000,3400000.0,88300000,-6000000.0,,,,
2018-09-30,69100000,,42000000.0,789400000.0,271400000.0,1.18,420800000.0,179800000.0,130600000.0,14200000.0,871300000.0,1291900000.0,49500000,0.0,14700000,38800000.0,969200000.0,600000.0,118600000,-83400000.0,70700000.0,-2500000,49500000,51700000,31200000.0,34500000,744000000.0,40100000,-1300000.0,57800000,194300000.0,42700000.0,-28200000,192600000,58700000.0,140400000.0,322700000.0,400000.0,83000000,-500000.0,-1500000,68100000,57500000.0,-538200000.0,0.0,57500000.0,,7200000.0,129400000.0,0.0,78500000,-92000000.0,-26200000,7900000,4900000.0,108700000.0,17400000,5600000.0,-17800000.0,498900000.0,2100000.0,1.16,311200000,95300000,7500000.0,1037100000.0,-25200000,44900000.0,5300000.0,16400000,3600000.0,90700000,-9000000.0,,,,
2018-12-31,48300000,700000.0,41900000.0,793200000.0,313500000.0,1.01,422700000.0,183300000.0,130700000.0,3000000.0,892500000.0,1315200000.0,42100000,-2000000.0,14900000,12500000.0,976500000.0,-15900000.0,97600000,-1100000.0,71200000.0,-4900000,42100000,42100000,36900000.0,35900000,741200000.0,41100000,3400000.0,77800000,191400000.0,42500000.0,-38100000,181000000,71800000.0,118900000.0,338700000.0,400000.0,57800000,0.0,1200000,43600000,77500000.0,-537300000.0,0.0,78200000.0,6400000.0,21600000.0,140700000.0,0.0,56500000,-26200000.0,-37300000,11400000,11200000.0,92900000.0,19600000,5200000.0,-17700000.0,523800000.0,-2300000.0,0.99,278600000,85600000,500000.0,1061100000.0,20000000,3900000.0,7400000.0,1500000,2400000.0,69900000,-29300000.0,,,,
2019-03-31,-36100000,,41700000.0,1550200000.0,336200000.0,0.54,455000000.0,198300000.0,431600000.0,61400000.0,1652200000.0,2107200000.0,22700000,,18500000,105500000.0,1748500000.0,15400000.0,97100000,-16100000.0,71700000.0,-19100000,22700000,22700000,85600000.0,39100000,1403200000.0,44200000,-15000000.0,39500000,229300000.0,42200000.0,-569300000,179700000,26100000.0,151000000.0,358700000.0,400000.0,77500000,-537900000.0,-3300000,22700000,38400000.0,-547400000.0,-534200000.0,38400000.0,,-16100000.0,414900000.0,,52900000,539400000.0,-28100000,11100000,18000000.0,119800000.0,-53300000,5100000.0,-8600000.0,628500000.0,-400000.0,0.54,276800000,-8000000,500000.0,1235600000.0,-38000000,52400000.0,100000.0,0,4100000.0,52300000,-3300000.0,,,,
2019-06-30,49900000,,41800000.0,1512800000.0,393000000.0,1.36,491600000.0,216000000.0,425700000.0,65900000.0,1637900000.0,2129500000.0,56800000,,21400000,102300000.0,1728800000.0,-5100000.0,134400000,0.0,72200000.0,-1100000,56800000,56800000,83600000.0,42500000,1363300000.0,47500000,6800000.0,54400000,221300000.0,42200000.0,-30000000,218400000,37600000.0,176600000.0,400700000.0,400000.0,39500000,0.0,-400000,72700000,53300000.0,-533700000.0,-98800000.0,53300000.0,34100000.0,-26200000.0,399700000.0,,86900000,-34600000.0,-29600000,13100000,22300000.0,114700000.0,-12000000,5000000.0,-28000000.0,638000000.0,2000000.0,1.34,352800000,79500000,4700000.0,1230600000.0,14900000,63700000.0,7600000.0,15900000,3300000.0,107200000,0.0,,,,
2019-09-30,96600000,,42300000.0,1466700000.0,452900000.0,1.42,499000000.0,208800000.0,416100000.0,64500000.0,1619800000.0,2118800000.0,59900000,,21500000,105600000.0,1675500000.0,-8100000.0,139500000,0.0,72700000.0,-4400000,59900000,59900000,107800000.0,40700000,1294400000.0,45600000,8600000.0,76600000,210200000.0,42600000.0,-23100000,220400000,34800000.0,167200000.0,443300000.0,400000.0,54400000,0.0,-1000000,77400000,75600000.0,-543200000.0,-80800000.0,75600000.0,39100000.0,7800000.0,383500000.0,,93900000,-71200000.0,-22100000,12100000,22600000.0,107500000.0,5300000,4900000.0,-46500000.0,641900000.0,25100000.0,1.41,359900000,118700000,2700000.0,1240900000.0,22200000,66500000.0,3000000.0,17500000,3600000.0,111000000,-3100000.0,,,,
2019-12-31,50500000,,41800000.0,1398100000.0,,1.06,463200000.0,215500000.0,439000000.0,66700000.0,1681200000.0,2144400000.0,44300000,,23600000,108700000.0,1613600000.0,,111000000,,72600000.0,200000,44300000,44300000,103000000.0,40800000,1228400000.0,45500000,,64600000,212500000.0,42200000.0,-35900000,192400000,33300000.0,150000000.0,530800000.0,,76600000,0.0,-900000,55100000,56500000.0,,,56500000.0,,,396200000.0,,65500000,,-35000000,10600000,,99100000.0,26800000,4700000.0,,664700000.0,,1.05,303400000,85500000,,,-12300000,83100000.0,29500000.0,10800000,,89300000,,,,,
