date,quarterlyOtherShortTermInvestments,quarterlyFreeCashFlow,quarterlyTotalNonCurrentLiabilitiesNetMinorityInterest,quarterlyRetainedEarnings,quarterlyCurrentAssets,quarterlyCurrentLiabilities,quarterlyOtherNonCurrentLiabilities,quarterlyTotalAssets,quarterlyTotalNonCurrentAssets,quarterlyNetIncomeCommonStockholders,quarterlyPurchaseOfInvestment,quarterlyNetOtherFinancingCharges,quarterlyInvestmentsAndAdvances,quarterlyTotalLiabilitiesNetMinorityInterest,quarterlyChangeInAccountPayable,quarterlyOtherIncomeExpense,quarterlyInventory,quarterlyGrossProfit,quarterlyNetIncomeContinuousOperations,quarterlyOtherNonCurrentAssets,quarterlySellingGeneralAndAdministration,quarterlyNetIncome,quarterlyNonCurrentDeferredTaxesLiabilities,quarterlyChangeInInventory,quarterlyOperatingExpense,quarterlyLongTermDebt,quarterlyInvestingCashFlow,quarterlyEndCashPosition,quarterlyCostOfRevenue,quarterlyCashDividendsPaid,quarterlyAccountsReceivable,quarterlyDilutedAverageShares,quarterlyStockholdersEquity,quarterlyCapitalStock,quarterlyBeginningCashPosition,quarterlyDilutedEPS,quarterlyNetOtherInvestingChanges,quarterlyPurchaseOfBusiness,quarterlyCashAndCashEquivalents,quarterlyCashCashEquivalentsAndMarketableSecurities,quarterlyRepaymentOfDebt,quarterlyOtherCurrentAssets,quarterlySaleOfInvestment,quarterlyChangesInAccountReceivables,quarterlyCapitalExpenditure,quarterlyInterestExpense,quarterlyCashFlowFromContinuingFinancingActivities,quarterlyCurrentDebt,quarterlyOperatingIncome,quarterlyCommonStockIssuance,quarterlyChangeInWorkingCapital,quarterlyAccountsPayable,quarterlyNetPPE,quarterlyBasicEPS,quarterlyDeferredIncomeTax,quarterlyBasicAverageShares,quarterlyAccumulatedDepreciation,quarterlyTotalRevenue,quarterlyGrossPPE,quarterlyOperatingCashFlow,quarterlyOtherCurrentLiabilities,quarterlyChangeInCashSupplementalAsReported,quarterlyOtherNonCashItems,quarterlyPretaxIncome,quarterlyTaxProvision,quarterlyStockBasedCompensation,quarterlyRepurchaseOfCapitalStock,quarterlyEbitda,quarterlyDepreciationAndAmortization,quarterlyOtherIntangibleAssets,quarterlyGainsLossesNotAffectingRetainedEarnings,quarterlyGoodwill,quarterlyResearchAndDevelopment,quarterlyIncomeTaxPayable,quarterlyCurrentDeferredRevenue,quarterlyCurrentAccruedExpenses,quarterlyNonCurrentDeferredRevenue
2013-03-31,,-16433000,,,,,,,,536000,,-172000.0,,,8107000,-3715000,,9453000,536000,,2274000,536000,,-60000.0,2299000,,-34486000,20381000,6804000,,,117814000.0,,,13673000,0.00455,-27739000,,,,-1687000,,,1521000,-34486000,2550000,23141000,,7154000,,11033000,,,0.006257,347000,85668000.0,,16257000,,18053000,,6708000,733000,871000,335000,0,,6757000,,,,,,,,,
2013-06-30,,-51983000,,,,,,,,11145000,,-334000.0,,,-8548000,617000,,15770000,11145000,,1923000,11145000,,-259000.0,1959000,,-61698000,15118000,10804000,,,117814000.0,,,20381000,0.094598,-53332000,,,,-41742000,,,-2790000,-61698000,2931000,46720000,,13811000,,-5000000,,,0.130095,335000,85668000.0,,26574000,,9715000,,-5263000,502000,11492000,347000,0,,19366000,,,,,,,,,
2013-09-30,,-91773000,,,,,,,,11926000,,-845000.0,,,-7666000,-5665000,,24524000,11926000,,3635000,11926000,,-45000.0,3683000,,-94598000,18814000,12916000,,,117814000.0,,,15118000,0.101227,-78076000,,,,-100616000,,,-11638000,-95348000,2878000,94719000,,20841000,0.0,-8990000,,,0.139212,358000,85668000.0,,37440000,,3575000,,3696000,1713000,12284000,358000,0,0.0,22921000,,,,,,,,,
2013-12-31,0.0,-212937000,443027000.0,,137326000.0,191497000.0,77158000.0,742556000.0,605230000.0,-17678000,,-1211000.0,1774000.0,634524000.0,65639000,-1478000,3078000.0,19466000,3903000,0.0,8649000,3903000,2572000.0,-503000.0,8721000,429970000.0,-234829000,19393000,21281000,,15202000.0,,108032000.0,,18814000,,-50712000,,19393000.0,19393000.0,-110055000,1123000.0,,-64179000,-234829000,4376000,213516000,227000.0,10745000,0.0,810000,158385000.0,586883000.0,,866000,,-36322000.0,40747000,623205000.0,21892000,4435000.0,579000,593000,4769000,866000,1233000,,21259000,,,,,,,,,
2014-03-31,0.0,-110835000,548653000.0,,152807000.0,198289000.0,78880000.0,857485000.0,704678000.0,850000,,-8801000.0,1893000.0,746942000.0,25209000,-11031000,3482000.0,29348000,1983000,0.0,8155000,1983000,3117000.0,-403000.0,8247000,532673000.0,-120820000,2398000,28382000,,24892000.0,117814000.0,110543000.0,,19393000,0.01,-92772000,,2398000.0,2398000.0,-367906000,1021000.0,,-31576000,-120820000,7210000,93840000,402000.0,21101000,,-5538000,163876000.0,670487000.0,0.01,545000,85668000.0,-54715000.0,57730000,725202000.0,9985000,4443000.0,-16995000,1581000,2528000,545000,529000,,28130000,,,,,,,,,
2014-06-30,0.0,-363270000,671493000.0,1265000.0,629879000.0,174680000.0,113033000.0,1746231000.0,1116352000.0,-38646000,,-3360000.0,1715000.0,846173000.0,-48338000,-14555000,3865000.0,46679000,-37489000,35892000.0,57796000,-38646000,41027000.0,-384000.0,57913000,558460000.0,-406878000,523519000,35625000,,36864000.0,32453000.0,900058000.0,1253000.0,2398000,-1.19,-101569000,,523519000.0,523519000.0,-330072000,106360000.0,,48341000,-406878000,9906000,884391000,435000.0,-11234000,,4457000,136693000.0,1080460000.0,-1.19,1794000,32453000.0,-75160000.0,82304000,1155620000.0,43608000,1351000.0,521121000,67000,-35695000,1794000,50853000,,-25789000,,,,,,,,,
2014-09-30,0.0,20507000,677785000.0,18132000.0,224633000.0,192453000.0,120855000.0,1795942000.0,1571309000.0,16867000,,0.0,2162000.0,870238000.0,-33870000,9229000,4015000.0,47197000,26254000,51195000.0,10641000,16867000,50591000.0,-150000.0,10786000,556930000.0,-407643000,132759000,36420000,,38096000.0,125421000.0,925704000.0,1253000.0,523519000,0.18,-407643000,,132759000.0,132759000.0,-2910000,91874000.0,,14461000,-407643000,10014000,-3624000,476000.0,36411000,-715000.0,-25220000,151120000.0,1520114000.0,0.18,9372000,93168000.0,-95531000.0,83617000,1615645000.0,20507000,1541000.0,-390760000,19473000,35626000,9372000,910000,0.0,45640000,,,,,,,,,
2014-12-31,0.0,110883000,837665000.0,61352000.0,204161000.0,220865000.0,160820000.0,2051079000.0,1846918000.0,43220000,,-386000.0,2121000.0,1058530000.0,24878000,89262000,3767000.0,27224000,65969000,86056000.0,11707000,43220000,62334000.0,248000.0,15001000,676845000.0,-312336000,50550000,50882000,,22700000.0,,992549000.0,1253000.0,132759000,,-312336000,,50550000.0,50550000.0,122000,153611000.0,,14146000,-312508000,10759000,119244000,650000.0,12223000,6726000.0,46184000,139922000.0,1760862000.0,,24757000,,-130931000.0,78106000,1891793000.0,110883000,29326000.0,-82209000,-1270000,90726000,24757000,1005000,0.0,101485000,,,,,,,,,
2015-03-31,0.0,17988000,703131000.0,44328000.0,148702000.0,190301000.0,146645000.0,2080996000.0,1932294000.0,-17024000,-925000.0,0.0,3133000.0,893432000.0,-22865000,2150000,4342000.0,-3063000,-23558000,62580000.0,13113000,-17024000,62755000.0,-575000.0,16581000,556486000.0,-145144000,27236000,58274000,,19672000.0,101273000.0,1187564000.0,1402000.0,50550000,-0.17,-145144000,,27236000.0,27236000.0,-120165000,121466000.0,,4547000,-144219000,11538000,103842000,655000.0,-19644000,224007000.0,-18113000,120859000.0,1869714000.0,-0.17,-5474000,101273000.0,-168270000.0,55211000,2037984000.0,17988000,17360000.0,-23314000,59659000,-29032000,-5474000,1641000,,-17494000,,,,,,,,,
2015-06-30,0.0,60639000,735018000.0,25199000.0,102361000.0,174732000.0,133779000.0,2075762000.0,1973401000.0,-19129000,0.0,0.0,0.0,909750000.0,7721000,-19086000,0.0,9558000,-26180000,46500000.0,14437000,-19129000,57320000.0,4342000.0,16196000,601239000.0,-110794000,21098000,68302000,,26219000.0,108058000.0,1166012000.0,1402000.0,27236000,-0.18,-110794000,,21098000.0,21098000.0,44093000,81263000.0,,14604000,-109576000,10672000,44017000,717000.0,-6638000,-76000.0,23563000,113538000.0,1926901000.0,-0.18,-10216000,108058000.0,-212704000.0,77860000,2139605000.0,60639000,9313000.0,-6138000,63256000,-36396000,-10216000,2112000,,-25724000,,,,,,,,,
2015-09-30,0.0,31853000,703976000.0,26108000.0,233116000.0,234399000.0,147815000.0,2321271000.0,2088155000.0,909000,,-42000.0,0.0,938375000.0,-1604000,35011000,0.0,-453000,2643000,57147000.0,16148000,909000,58115000.0,0.0,20392000,556161000.0,-101605000,123118000,64687000,,23194000.0,109592000.0,1382896000.0,1551000.0,21098000,0.01,-101605000,0.0,123118000.0,123118000.0,-45220000,109998000.0,,-2701000,-112987000,10966000,171772000,868000.0,-20845000,217069000.0,-10406000,158006000.0,2031008000.0,0.01,557000,109218000.0,-258713000.0,64234000,2289721000.0,31853000,20149000.0,102020000,39616000,3200000,557000,2102000,0.0,14166000,,,,,,,,,
2015-12-31,0.0,61810000,699054000.0,10868000.0,488326000.0,228497000.0,143130000.0,2514192000.0,2025866000.0,-15240000,,0.0,0.0,927551000.0,9461000,-4907000,0.0,1021000,-25936000,40113000.0,12508000,-15240000,62962000.0,0.0,19424000,555924000.0,-69622000,343084000,67731000,,21219000.0,,1586641000.0,1681000.0,123118000,,-69622000,0.0,343084000.0,343084000.0,-640000,145242000.0,,11328000,-109330000,11248000,227778000,951000.0,-18403000,228418000.0,3062000,151221000.0,1985753000.0,,-8622000,,-297661000.0,68752000,2283414000.0,61810000,34518000.0,219966000,84684000,-34558000,-8622000,2278000,0.0,-23310000,,,,,,,,,
2016-03-31,0.0,-314554000,677716000.0,-8427000.0,172541000.0,215033000.0,131789000.0,2456534000.0,2283993000.0,-19354000,,-1000.0,0.0,892749000.0,3889000,2292000,,-5209000,-25691000,4622000.0,19299000,-19354000,53335000.0,0.0,21053000,546817000.0,-334459000,28310000,67477000,,26195000.0,135963000.0,1247967000.0,1681000.0,343084000,-0.14,-334459000,,28310000.0,28310000.0,-236000,18346000.0,,-15590000,-334459000,10707000,-220000,997000.0,-26262000,36000.0,-27454000,142856000.0,2259252000.0,-0.14,-9568000,135963000.0,-347126000.0,62268000,2606378000.0,19905000,30610000.0,-314774000,567000,-35259000,-9568000,2759000,-19000.0,24832000,,,,,,,,,
2016-06-30,0.0,-441616000,874183000.0,-29804000.0,590799000.0,225806000.0,2000.0,3290194000.0,2699395000.0,-21377000,,-4560000.0,0.0,1099989000.0,8499000,-27941000,,29711000,-27488000,4110000.0,17307000,-21377000,51057000.0,0.0,28151000,742471000.0,-473516000,441024000,76599000,,47764000.0,158662000.0,1823867000.0,1986000.0,28310000,-0.13,-473516000,,441024000.0,441024000.0,-267000,30601000.0,,-37276000,-473516000,11719000,854330000,1168000.0,1560000,659351000.0,-44109000,157334000.0,2675114000.0,-0.13,-10918000,158662000.0,-396647000.0,106310000,3071761000.0,31900000,18672000.0,412714000,820000,-38406000,-10918000,3391000,-194000.0,29301000,,,,,,,,,
2016-09-30,0.0,-339392000,1077324000.0,-32510000.0,692491000.0,216554000.0,2000.0,3756472000.0,3063981000.0,-2706000,,-4488000.0,0.0,1293878000.0,15780000,-422000,,42126000,-1641000,3564000.0,24695000,-2706000,6536000.0,0.0,29218000,942726000.0,-462789000,571762000,90539000,,45685000.0,173241000.0,2118574000.0,2077000.0,441024000,-0.02,-462789000,0.0,571762000.0,571762000.0,-310000,25713000.0,,29630000,-462789000,15038000,470130000,1543000.0,12908000,270928000.0,57944000,132749000.0,3032568000.0,-0.02,-1279000,173241000.0,-462531000.0,132665000,3495099000.0,123397000,21122000.0,130738000,864000,-2920000,-1279000,3316000,0.0,77859000,,,,,,,,,
2016-12-31,0.0,-561613000,1163522000.0,-63255000.0,299488000.0,344954000.0,122198000.0,3938782000.0,3639294000.0,-30745000,,-9139000.0,0.0,1508476000.0,-7271000,-57621000,,70170000,-34097000,6318000.0,23290000,-30745000,5483000.0,0.0,26148000,1041324000.0,-614602000,133379000,86360000,,59174000.0,,2089638000.0,2077000.0,571762000,,0,0.0,133379000.0,133379000.0,-521131000,50949000.0,,-12438000,-614602000,15571000,123230000,67214000.0,44022000,0.0,-41270000,162317000.0,3616560000.0,,-3168000,,-520239000.0,156530000,4136799000.0,52989000,44153000.0,-438383000,6966000,-29756000,4341000,3405000,0.0,48468000,,,,,,,,,
2017-03-31,0.0,-719131000,1736473000.0,-33813000.0,2209176000.0,344568000.0,126571000.0,6664129000.0,4454953000.0,29442000,,-6280000.0,0.0,2081041000.0,17676000,-218000,,103099000,38290000,7026000.0,24042000,29442000,36975000.0,,29224000,1490022000.0,-760917000,1916514000,97759000,,70640000.0,221697000.0,4098364000.0,2746000.0,133379000,0.13,0,,1916514000.0,1916514000.0,-66328000,143013000.0,,-6922000,-760917000,18553000,2502266000,2638000.0,73875000,2123486000.0,-76192000,207456000.0,4340125000.0,0.13,38951000,220674000.0,-589031000.0,200858000,4929156000.0,41786000,52434000.0,1783135000,908000,56692000,18402000,4209000,-112000.0,144215000,,,,,,,,,
2017-06-30,0.0,-1423812000,1705109000.0,6933000.0,727046000.0,507317000.0,129033000.0,8085602000.0,7358556000.0,40746000,,-2926000.0,0.0,2212426000.0,34996000,36161000,,89334000,55794000,9226000.0,31761000,40746000,10375000.0,,36899000,1490597000.0,-1695704000,502616000,124343000,,76621000.0,246792000.0,4592493000.0,3146000.0,1916514000,0.17,-630000,,502616000.0,502616000.0,-1083000,8053000.0,,-15579000,-1708631000,21744000,-3013000,3806000.0,52435000,41000.0,179130000,336926000.0,7239390000.0,0.17,12074000,245698000.0,-659493000.0,213677000,7898883000.0,284819000,73660000.0,-1413898000,1227000,68010000,12216000,5251000,-25000.0,173069000,,,,,,,,,
2017-09-30,0.0,-262281000,1675741000.0,-6400000.0,474367000.0,513749000.0,129199000.0,8049433000.0,7575066000.0,-13333000,,-75000.0,0.0,2189490000.0,41770000,-63896000,,101869000,-15161000,8838000.0,33573000,-13333000,9234000.0,,36348000,1487271000.0,-423607000,242547000,139152000,,94790000.0,246518000.0,4604580000.0,3146000.0,502616000,-0.05,3523000,,242547000.0,242547000.0,-999000,5791000.0,,-32209000,-426939000,21856000,-1120000,8037000.0,65521000,-183000.0,28927000,313905000.0,7505275000.0,-0.05,-4938000,246518000.0,-754060000.0,241021000,8259335000.0,164658000,90244000.0,-260069000,1267000,-20241000,-5080000,5170000,-163000.0,96434000,,,,,,,,,
2017-12-31,149283000.0,-236981000,2300403000.0,43519000.0,919486000.0,612089000.0,78851000.0,8793198000.0,7873712000.0,49919000,,-8090000.0,0.0,2912492000.0,28550000,-31487000,,158685000,44997000,22538000.0,34879000,49919000,21403000.0,,72738000,2179525000.0,-576632000,554189000,152803000,,123147000.0,,4712295000.0,3146000.0,242547000,,-4762000,,554189000.0,703472000.0,-6359000,6558000.0,,-40627000,-439758000,30508000,685497000,2352000.0,85947000,0.0,21529000,407698000.0,7835442000.0,,-76182000,,-846987000.0,311488000,8682429000.0,202777000,84919000.0,311642000,35492000,25167000,-19830000,4989000,-54000.0,160818000,,,,,,,,,
2018-03-31,149345000.0,-239813000,2346370000.0,126409000.0,750046000.0,624628000.0,,8940648000.0,8190602000.0,82890000,,-32000.0,,2970998000.0,-5427000,-10689000,,212257000,105463000,8128000.0,34995000,82890000,55730000.0,,42935000,2179996000.0,-423191000,350762000,180484000,,159314000.0,261639000.0,5034064000.0,3173000.0,554189000,0.32,349000,,350762000.0,500107000.0,-694000,6530000.0,,-43137000,-466768000,30779000,-7191000,2388000.0,169322000,0.0,-13781000,415283000.0,8157324000.0,0.32,23407000,260654000.0,-966426000.0,392741000,9123750000.0,226955000,74675000.0,-203427000,6629000,128788000,23325000,5069000,-6465000.0,280766000,,,,,,,,,
2018-06-30,99704000.0,-227495000,2399421000.0,245564000.0,594525000.0,639875000.0,,9139443000.0,8544918000.0,119155000,,-13000.0,,3039296000.0,-26786000,-4064000,,252530000,140958000,7493000.0,35991000,119155000,100392000.0,,42193000,2180559000.0,-407900000,201702000,215258000,,178593000.0,272846000.0,5360221000.0,3174000.0,350762000,0.44,34669000,,201702000.0,301406000.0,-767000,41784000.0,,291000,-491521000,32573000,-5186000,2462000.0,210337000,,-68192000,426677000.0,8506588000.0,0.44,33243000,272239000.0,-1105934000.0,467788000,9612522000.0,264026000,68242000.0,-149060000,4408000,174201000,33243000,5363000,-4406000.0,352326000,,,,,,,,,
2018-09-30,0.0,-156814000,2416950000.0,358873000.0,419834000.0,601129000.0,,9256911000.0,8837077000.0,113309000,,0.0,,3018079000.0,24249000,-21207000,,274794000,134149000,7244000.0,37555000,113309000,130566000.0,,55185000,2181054000.0,-441966000,167820000,236228000,,179827000.0,278396000.0,5490490000.0,3173000.0,201702000,0.41,-21361000,,167820000.0,167820000.0,-742000,11062000.0,99704000.0,-2003000,-565710000,31668000,-812000,2373000.0,219609000,,53845000,380251000.0,8816063000.0,0.41,32454000,277705000.0,-1254893000.0,511022000,10070956000.0,408896000,74337000.0,-33882000,11731000,166603000,32454000,4686000,-70000.0,355623000,,,,,,,,,
2018-12-31,0.0,-175006000,2422683000.0,412646000.0,540712000.0,648945000.0,,9391363000.0,8850651000.0,53773000,,-2000.0,,3071628000.0,-5431000,91812000,,216786000,65399000,6640000.0,42414000,53773000,131523000.0,,194466000,2181667000.0,-320979000,163216000,238094000,,138987000.0,,5568058000.0,3174000.0,167820000,,27431000,,163216000.0,163216000.0,-685000,11056000.0,0.0,32187000,-494103000,31695000,-2722000,2413000.0,22320000,0.0,18630000,364803000.0,8823887000.0,,16808000,,-1331021000.0,454880000,10154908000.0,319097000,152330000.0,-4604000,147250000,81852000,16453000,4759000,-73000.0,274301000,,,,,,,,,
2019-03-31,,-164543000,2522196000.0,388582000.0,317567000.0,741380000.0,92793000.0,9554147000.0,9236580000.0,-24064000,,,,3263576000.0,-15063000,-119629000,,177112000,-28003000,9632000.0,38037000,-24064000,121336000.0,,60565000,2180616000.0,-359307000,10380000,250559000,-603000.0,176381000.0,278794000.0,5549713000.0,3177000.0,163216000,-0.09,809000,,10380000.0,10380000.0,-120676000,9618000.0,,-40099000,-377602000,33002000,-6588000,,116547000,,-57958000,402496000.0,9199647000.0,-0.09,-7790000,278794000.0,-1464040000.0,427671000,10663687000.0,213059000,143441000.0,-152836000,1401000,-35793000,-7790000,5322000,-5309000.0,170932000,,,,,,,,,
2019-06-30,,-9271000,2620797000.0,504517000.0,395704000.0,789268000.0,,9838066000.0,9442362000.0,115935000,,,,3410065000.0,33528000,18714000,,219930000,134994000,6809000.0,34907000,115935000,156159000.0,,37531000,2221355000.0,-388007000,64099000,278611000,0.0,158917000.0,279768000.0,5680746000.0,3177000.0,10380000,0.41,3680000,,64099000.0,64099000.0,-192754000,7420000.0,,25884000,-412094000,33597000,38903000,,182399000,,73514000,423145000.0,9395803000.0,0.41,32625000,279706000.0,-1647036000.0,498541000,11042839000.0,402823000,154273000.0,53719000,920000,167619000,32625000,4976000,-343000.0,399779000,,,,,,,,,
2019-09-30,,-28064000,2623236000.0,615743000.0,451584000.0,809735000.0,59000.0,9995696000.0,9544112000.0,119710000,,,,3432971000.0,14838000,56761000,,202408000,139600000,5960000.0,36718000,119710000,191596000.0,,51254000,2197093000.0,-349676000,4660000,307743000,-9465000.0,176261000.0,280547000.0,5796643000.0,3177000.0,64099000,0.43,732000,,4660000.0,4660000.0,-135696000,10101000.0,0.0,-30216000,-353482000,33578000,-35181000,,151154000,,-13694000,410001000.0,9483411000.0,0.43,34953000,279961000.0,-1851971000.0,510151000,11335382000.0,325418000,181181000.0,-59439000,3890000,174553000,34953000,5175000,-20000.0,419868000,,,,,,,,,
