date,quarterlyOtherCurrentAssets,quarterlyGainsLossesNotAffectingRetainedEarnings,quarterlyGrossProfit,quarterlyBasicEPS,quarterlyChangeInAccountPayable,quarterlyChangesInAccountReceivables,quarterlySaleOfInvestment,quarterlyBasicAverageShares,quarterlyRepurchaseOfCapitalStock,quarterlyBeginningCashPosition,quarterlyAccountsPayable,quarterlyNetOtherInvestingChanges,quarterlySellingGeneralAndAdministration,quarterlyStockholdersEquity,quarterlyOtherNonCashItems,quarterlyDilutedEPS,quarterlyPretaxIncome,quarterlyRetainedEarnings,quarterlyTaxProvision,quarterlyStockBasedCompensation,quarterlyEbitda,quarterlyCommonStockIssuance,quarterlyCapitalExpenditure,quarterlyOperatingIncome,quarterlyOtherShortTermInvestments,quarterlyResearchAndDevelopment,quarterlyNetPPE,quarterlyPurchaseOfBusiness,quarterlyChangeInWorkingCapital,quarterlyCurrentAssets,quarterlyGrossPPE,quarterlyCurrentLiabilities,quarterlyAccumulatedDepreciation,quarterlyCashFlowFromContinuingFinancingActivities,quarterlyTotalRevenue,quarterlyOperatingCashFlow,quarterlyOtherCurrentLiabilities,quarterlyLongTermDebt,quarterlyTotalAssets,quarterlyAccountsReceivable,quarterlyCurrentAccruedExpenses,quarterlyOtherNonCurrentLiabilities,quarterlyChangeInCashSupplementalAsReported,quarterlyInterestExpense,quarterlyCostOfRevenue,quarterlyTotalNonCurrentLiabilitiesNetMinorityInterest,quarterlyOtherIncomeExpense,quarterlyDilutedAverageShares,quarterlyRepaymentOfDebt,quarterlyGoodwill,quarterlyNetIncome,quarterlyNetIncomeContinuousOperations,quarterlyCashAndCashEquivalents,quarterlyCurrentDeferredRevenue,quarterlyCashCashEquivalentsAndMarketableSecurities,quarterlyNonCurrentDeferredTaxesLiabilities,quarterlyOperatingExpense,quarterlyDepreciationAndAmortization,quarterlyNetIncomeCommonStockholders,quarterlyEndCashPosition,quarterlyCapitalStock,quarterlyOtherIntangibleAssets,quarterlyInvestingCashFlow,quarterlyPurchaseOfInvestment,quarterlyFreeCashFlow,quarterlyNetOtherFinancingCharges,quarterlyTotalNonCurrentAssets,quarterlyTotalLiabilitiesNetMinorityInterest,quarterlyOtherNonCurrentAssets,quarterlyInvestmentsAndAdvances,quarterlyNonCurrentDeferredRevenue,quarterlyChangeInInventory,quarterlyCurrentDebt,quarterlyCashDividendsPaid,quarterlyDeferredIncomeTax,quarterlyInventory,quarterlyIncomeTaxPayable
2013-03-31,,,14116000,-0.124102,434000.0,-404000,,30885803.0,,25190000,,0,14641000,,436000,-0.124102,-3746000,,0.0,436000,-2812000,,-1561000,-3760000,,3235000,,,3291000,,,,,4994000,19134000,899000,,,,,,,4332000,8000.0,5018000,,0,30885803.0,,,-3746000,-3746000,,,,,17876000,926000,-3833000,29522000,,,-1561000,,-662000,0,,,,,,,,,,,
2013-06-30,,,13035000,-0.290813,-469000.0,-520000,,30885803.0,,29522000,,0,17349000,,632000,-0.290813,-8895000,,0.0,632000,-7874000,,-2152000,-8910000,,4596000,,,5237000,,,,,-80000,18691000,-2015000,,,,,,,-4247000,5000.0,5656000,,10000,30885803.0,,,-8895000,-8895000,,,,,21945000,1016000,-8982000,25275000,,,-2152000,,-4167000,-149000,,,,,,,,,,,
2013-09-30,,,14657000,-0.330896,279000.0,-16033000,,30885803.0,-29000.0,25275000,,0,19681000,,-5000,-0.330896,-10133000,,0.0,639000,-8992000,0.0,-1964000,-10137000,,5113000,,,-7566000,,,,,14000,20499000,-15925000,,,,,,,-17875000,1000.0,5842000,,0,30885803.0,,,-10133000,-10133000,,,,,24794000,1140000,-10220000,7400000,,,-1964000,,-17889000,0,,,,,,,,,,,
2013-12-31,0.0,,18601000,,1650000.0,15370000,,,-1000.0,7400000,5089000.0,-56000,17272000,6023000.0,719000,,-5179000,-99849000.0,0.0,719000,-3911000,,-1903000,-5199000,,6528000,5231000.0,,3770000,11191000.0,9866000.0,20211000.0,-4635000.0,212000,24803000,1359000,0.0,,28652000.0,1835000.0,12025000.0,847000.0,-388000,15000.0,6202000,2418000.0,0,,,,-5179000,-5179000,7012000.0,1266000.0,7012000.0,,23800000,1253000,-5265000,7012000,98055000.0,8904000.0,-1959000,,-544000,0,17461000.0,22629000.0,911000.0,,,,,,,,
2014-03-31,0.0,,20084000,-0.93,4244000.0,1203000,,7698709.0,,7012000,9264000.0,-17000,20677000,485000.0,1197000,-0.93,-7050000,-106899000.0,0.0,1195000,-4983000,,-2621000,-6267000,,5674000,5662000.0,,6356000,9526000.0,10897000.0,26459000.0,-5235000.0,-1149000,26332000,2474000,0.0,,30079000.0,632000.0,9378000.0,1561000.0,-1313000,784000.0,6248000,3135000.0,0,7698709.0,,,-7050000,-7050000,5699000.0,5777000.0,5699000.0,,26351000,1283000,-7137000,5699000,98142000.0,9680000.0,-2638000,,-147000,-1411000,20553000.0,29594000.0,5211000.0,,,,,,,,
2014-06-30,0.0,,17744000,-0.27,-5017000.0,-23000,,39304884.0,,5699000,4085000.0,-4000,22418000,93818000.0,2044000,-0.27,-10595000,-117494000.0,0.0,2044000,-9098000,,-2575000,-10492000,,5818000,5741000.0,,6351000,108190000.0,11597000.0,31834000.0,-5856000.0,102474000,24744000,-832000,0.0,,127860000.0,655000.0,13326000.0,642000.0,99063000,134000.0,7000000,2208000.0,0,39304884.0,,,-10595000,-10595000,104762000.0,12396000.0,104762000.0,,28236000,1363000,-10597000,104762000,40000.0,11034000.0,-2579000,,-3407000,101713000,19670000.0,34042000.0,1745000.0,,,,,,,,
2014-09-30,0.0,,21809000,-0.18,533000.0,-9383000,,40269937.0,0.0,104762000,4677000.0,0,23274000,88927000.0,0,-0.18,-7337000,-124831000.0,0.0,2247000,-5567000,0.0,-2638000,-7191000,,5726000,5841000.0,,-18269000,93842000.0,12296000.0,23895000.0,-6455000.0,199000,28407000,-21765000,0.0,,114112000.0,10038000.0,14720000.0,649000.0,-24204000,176000.0,6598000,1290000.0,0,40269937.0,,,-7337000,-7337000,80558000.0,2100000.0,80558000.0,,29000000,1594000,-7337000,80558000,40000.0,11825000.0,-2638000,,-24403000,0,20270000.0,25185000.0,1191000.0,,,,,,,,
2014-12-31,0.0,,23744000,-0.1,-2325000.0,9688000,,40577087.0,0.0,80558000,2293000.0,-8000,22269000,88011000.0,0,-0.1,-4017000,-128848000.0,0.0,2041000,-3898000,0.0,-3119000,-3928000,,5403000,6755000.0,,9082000,89988000.0,6755000.0,23768000.0,-6986000.0,1060000,30756000,8438000,0.0,,113039000.0,350000.0,17138000.0,621000.0,6371000,119000.0,7012000,1260000.0,0,40577087.0,,,-4017000,-4017000,86929000.0,1906000.0,86929000.0,,27672000,1332000,-4017000,86929000,41000.0,13155000.0,-3127000,,5319000,0,23051000.0,25028000.0,1466000.0,,,,,,,,
2015-03-31,0.0,,27062000,-0.13,4785000.0,-3955000,,40978741.0,,86929000,7078000.0,0,26298000,85381000.0,2048000,-0.13,-5468000,-134316000.0,0.0,2048000,-3629000,,-3355000,-5370000,,6134000,6936000.0,,420000,93252000.0,6936000.0,30451000.0,-7589000.0,790000,34612000,-1287000,0.0,,117049000.0,4305000.0,14406000.0,576000.0,-3852000,126000.0,7550000,1217000.0,0,40978741.0,0.0,,-5468000,-5468000,83077000.0,6152000.0,83077000.0,,32432000,1713000,-5468000,83077000,41000.0,14201000.0,-3355000,,-4642000,-436000,23797000.0,31668000.0,1456000.0,,,,,,,,
2015-06-30,0.0,,27335000,-0.23,-4232000.0,-88000,,41362476.0,,83077000,2846000.0,0,30397000,80619000.0,3867000,-0.23,-9630000,-143946000.0,0.0,3867000,-7827000,,-3183000,-9528000,,6466000,7353000.0,,11415000,96649000.0,15637000.0,41230000.0,-8284000.0,1001000,35238000,7329000,0.0,,123103000.0,4393000.0,21881000.0,612000.0,5147000,126000.0,7903000,1254000.0,0,41362476.0,0.0,,-9630000,-9630000,88224000.0,13426000.0,88224000.0,,36863000,1677000,-9630000,88224000,42000.0,15373000.0,-3183000,,4146000,0,26454000.0,42484000.0,1995000.0,,,,,,,,
2015-09-30,0.0,,29247000,-0.2,1484000.0,-8295000,,41645894.0,,88224000,4330000.0,-250000,30044000,194916000.0,3302000,-0.2,-8235000,-152181000.0,0.0,3302000,-8108000,117463000.0,-3549000,-7879000,,7082000,7791000.0,,-25874000,194366000.0,7791000.0,32646000.0,-8962000.0,119558000,37092000,-28659000,0.0,,228563000.0,12688000.0,20986000.0,594000.0,87100000,127000.0,7845000,1001000.0,-250000,41645894.0,0.0,,-8235000,-8235000,175324000.0,3818000.0,175324000.0,,37126000,1898000,-8235000,175324000,46000.0,16760000.0,-3799000,,-32208000,0,34197000.0,33647000.0,8259000.0,,,,,,,,
2015-12-31,0.0,,34503000,-0.07,214000.0,11713000,,45651475.0,,175324000,4544000.0,-2081000,30295000,195789000.0,3282000,-0.07,-3400000,-155581000.0,,3282000,-1295000,-351000.0,-3527000,-3321000,,7529000,8128000.0,,10652000,192907000.0,8128000.0,32597000.0,-8490000.0,663000,43252000,13350000,0.0,,231041000.0,975000.0,12039000.0,2655000.0,8405000,173000.0,8749000,2655000.0,0,45651475.0,,,-3400000,-3400000,183729000.0,2609000.0,183729000.0,,37824000,1932000,-3400000,183729000,46000.0,18121000.0,-5608000,,9823000,0,38134000.0,35252000.0,3744000.0,,,,,,,,
2016-03-31,0.0,,37932000,-0.07,1806000.0,-287000,,45953082.0,,183729000,6350000.0,-68000,34103000,196623000.0,364000,-0.07,-3380000,-158961000.0,0.0,3544000,-1205000,,-3899000,-3446000,,7275000,3604000.0,,3965000,197273000.0,6786000.0,37516000.0,-3182000.0,670000,47444000,6278000,0.0,,236718000.0,1262000.0,14237000.0,2579000.0,2981000,26000.0,9512000,2579000.0,0,45953082.0,,,-3380000,-3380000,186710000.0,9982000.0,186710000.0,,41378000,2149000,-3380000,186710000,46000.0,24514000.0,-3967000,,2379000,-351000,39445000.0,40095000.0,3858000.0,,,,,,,,
2016-06-30,0.0,,38850000,-0.18,-762000.0,-3980000,,46494464.0,,186710000,5588000.0,-74000,38427000,193215000.0,-3392000,-0.18,-8337000,-167298000.0,0.0,3976000,-5951000,,-4567000,-8419000,,8842000,3994000.0,,7213000,201781000.0,7571000.0,50078000.0,-3577000.0,953000,49110000,5229000,0.0,,245836000.0,5242000.0,16916000.0,2543000.0,1541000,9000.0,10260000,2543000.0,0,46494464.0,,,-8337000,-8337000,188251000.0,17587000.0,188251000.0,,47269000,2377000,-8337000,188251000,47000.0,26820000.0,-4641000,,662000,-182000,44055000.0,52621000.0,3768000.0,,,,,,,,
2016-09-30,0.0,,41609000,-0.14,-832000.0,-15732000,,46903628.0,,188251000,4756000.0,0,39734000,192685000.0,2194000,-0.14,-6758000,-174056000.0,,4073000,-4261000,,-7550000,-6795000,,8670000,7818000.0,,-25778000,185924000.0,11819000.0,38030000.0,-4001000.0,2155000,51960000,-25929000,0.0,,234573000.0,20974000.0,16453000.0,3858000.0,-31324000,,10351000,3858000.0,0,46903628.0,,,-6758000,-6758000,156927000.0,3030000.0,156927000.0,,48404000,2534000,-6758000,156927000,47000.0,29428000.0,-7550000,,-33479000,-13000,48649000.0,41888000.0,3079000.0,,,,,,,,
2016-12-31,0.0,,46491000,-0.05,-1027000.0,13114000,,47075167.0,,156927000,3729000.0,0,40367000,195237000.0,3045000,-0.05,-2209000,-176265000.0,0.0,4230000,-2209000,,-8360000,-2372000,,8496000,15596000.0,,14921000,184698000.0,15596000.0,41069000.0,-4096000.0,531000,57350000,19632000,0.0,,244320000.0,7860000.0,17712000.0,8014000.0,11803000,0.0,10859000,8014000.0,0,47075167.0,,,-2209000,-2209000,168730000.0,3137000.0,168730000.0,,48863000,2690000,-2209000,168730000,47000.0,31867000.0,-8360000,,11272000,-4000,59622000.0,49083000.0,3007000.0,,,,,,,,
2017-03-31,0.0,,53904000,-0.07,7100000.0,-20812000,,47237341.0,,168730000,10829000.0,0,48334000,195744000.0,1236000,-0.07,-3439000,-179852000.0,0.0,3895000,209000,,-14293000,-3635000,,9205000,29659000.0,,-15703000,180712000.0,29659000.0,50839000.0,,51000,64829000,-11599000,0.0,,260680000.0,28672000.0,19468000.0,305000.0,-25841000,0.0,10925000,14097000.0,0,47237341.0,,,-3439000,-3439000,142889000.0,11719000.0,142889000.0,,57539000,3648000,-3439000,142889000,47000.0,34263000.0,-14293000,,-25892000,-467000,79968000.0,64936000.0,3103000.0,,,,,,,,
2017-06-30,0.0,,51537000,-0.25,-6506000.0,5246000,,47668397.0,,142889000,4323000.0,0,51172000,191051000.0,325000,-0.25,-11754000,-191606000.0,0.0,5495000,-7970000,,-11964000,-10775000,,11140000,34390000.0,,4907000,170459000.0,34390000.0,51920000.0,,5066000,64995000,3462000,0.0,,261973000.0,23426000.0,22324000.0,300000.0,-4467000,1000.0,13458000,19002000.0,-1031000,47668397.0,,,-11754000,-11754000,37435000.0,7365000.0,37435000.0,,62312000,3783000,-11754000,138422000,48000.0,37402000.0,-11964000,,-8502000,2676000,91514000.0,70922000.0,2770000.0,,,,,,,,
2017-09-30,0.0,-3617000.0,55519000,-0.3,,-18349000,,48961914.0,,138422000,32496000.0,-102677000,58538000,369512000.0,-590000,-0.3,-15713000,-206345000.0,-974000.0,6147000,-9790000,,-11050000,-15754000,,12735000,45025000.0,,-15177000,257716000.0,45025000.0,73950000.0,,190124000,70250000,-17942000,9795000.0,,476350000.0,42332000.0,15031000.0,2160000.0,64012000,36000.0,14731000,32888000.0,59000,48961914.0,,67600000.0,-14739000,-14739000,202434000.0,16628000.0,202434000.0,9602000.0,71273000,5887000,-14739000,202434000,52000.0,84795000.0,-108152000,,-28992000,-3519000,218634000.0,106838000.0,0.0,,,,,,,,
2017-12-31,0.0,5326000.0,68416000,0.01,,28281000,,52330067.0,,202434000,22629000.0,-8573000,55544000,387832000.0,-104000,0.01,186000,-205836000.0,-323000.0,6393000,236000,-454000.0,-13832000,26000,,12846000,49055000.0,0.0,21081000,248053000.0,49055000.0,58000000.0,-7098000.0,1511000,86678000,34185000,9330000.0,,482062000.0,14174000.0,19017000.0,70000.0,20936000,50000.0,18262000,36230000.0,106000,56593108.0,0.0,71988000.0,509000,509000,223370000.0,7024000.0,223370000.0,10087000.0,68390000,6306000,509000,223370000,53000.0,90761000.0,-14965000,,20353000,1000,234009000.0,94230000.0,0.0,,,,,,,,
2018-03-31,,9958000.0,72748000,-0.28,,-26109000,,52687299.0,,223370000,,-21805000,74927000,385833000.0,395000,-0.28,-16099000,-220707000.0,-1228000.0,7122000,-8697000,,-23661000,-16019000,,13840000,50669000.0,,-18458000,237475000.0,50669000.0,82107000.0,,1118000,92288000,-18832000,15928000.0,,504108000.0,40290000.0,30955000.0,70000.0,-41260000,27000.0,19540000,36168000.0,-395000,52687299.0,,75296000.0,-14871000,-14871000,182110000.0,21625000.0,182110000.0,9113000.0,88767000,7375000,-14871000,182110000,53000.0,114696000.0,-23661000,,-42493000,-1002000,266633000.0,118275000.0,,,,,,,,,
2018-06-30,,-4220000.0,74119000,-0.33,,-9823000,,54981192.0,,182110000,32055000.0,-18334000,80856000,693447000.0,826000,-0.33,-21912000,-239054000.0,-3565000.0,9009000,-14477000,,-21502000,-21972000,,15235000,50264000.0,,560000,553952000.0,50264000.0,96969000.0,,331130000,97423000,-1370000,17096000.0,,825464000.0,50031000.0,16956000.0,24613000.0,306724000,27000.0,23304000,35048000.0,-825000,54981192.0,,64873000.0,-18347000,-18347000,488834000.0,30862000.0,488834000.0,6935000.0,96091000,7408000,-18347000,488834000,57000.0,126062000.0,-21602000,,-22872000,-2405000,271512000.0,132017000.0,,,,,,,,,
2018-09-30,,-7001000.0,84026000,-0.17,,389000,,57663361.0,,488834000,34513000.0,-175000,79522000,692129000.0,272000,-0.17,-10358000,-248998000.0,-414000.0,7933000,-1732000,0.0,-14577000,-11857000,25000000.0,16361000,51527000.0,,-13922000,531755000.0,51527000.0,84311000.0,,-1426000,106963000,-5841000,10708000.0,,811491000.0,49651000.0,,24550000.0,-46608000,27000.0,22937000,35051000.0,-273000,57663361.0,,62955000.0,-9944000,-9944000,442226000.0,18953000.0,467226000.0,7001000.0,95883000,8599000,-9944000,442226000,58000.0,130692000.0,-39752000,,-20418000,-4943000,279736000.0,119362000.0,,,,,,,,,
2018-12-31,,-8514000.0,90383000,0.08,-6072000.0,17046000,,57924666.0,,442226000,27647000.0,0,68699000,705009000.0,219000,0.08,5172000,-244166000.0,340000.0,7346000,5199000,39000.0,-17446000,3308000,25000000.0,18376000,52299000.0,0.0,1123000,521680000.0,52299000.0,68480000.0,-14801000.0,2215000,115095000,22923000,9487000.0,,807354000.0,32636000.0,,23416000.0,7546000,27000.0,24712000,33865000.0,-229000,60666682.0,0.0,61852000.0,4832000,4832000,449772000.0,8345000.0,474772000.0,6949000.0,87075000,9403000,4832000,449772000,58000.0,136605000.0,-17446000,0.0,5477000,-1000,285674000.0,102345000.0,34918000.0,,,,,,,,
2019-03-31,,-8886000.0,95359000,-0.37,17536000.0,-37522000,25000000.0,58138692.0,,449772000,48502000.0,200000,99984000,694595000.0,3007000,-0.37,-22495000,-265720000.0,-941000.0,9584000,-12742000,,-16734000,-24419000,0.0,19794000,87168000.0,,-33263000,522128000.0,87168000.0,102233000.0,,645000,122234000,-32528000,8104000.0,,864410000.0,70262000.0,,637000.0,-26166000,55000.0,26875000,67582000.0,-370000,58138692.0,,61498000.0,-21554000,-21554000,423606000.0,24531000.0,423606000.0,6086000.0,119778000,9698000,-21554000,423606000,58000.0,144957000.0,5966000,-2500000.0,-49262000,-1283000,342282000.0,169815000.0,48659000.0,,,,,,,,
2019-06-30,,-6643000.0,98160000,-0.46,545000.0,11974000,0.0,60516662.0,,423606000,66468000.0,-96000,118157000,861049000.0,3169000,-0.46,-46663000,-293692000.0,-18691000.0,9967000,-29586000,,-23835000,-46040000,0.0,26043000,93927000.0,,-16231000,348198000.0,93927000.0,159146000.0,,239667000,135461000,-15421000,10329000.0,245451000.0,1331747000.0,71578000.0,,737000.0,-190122000,2424000.0,37301000,311552000.0,-13000,60516662.0,,488747000.0,-27972000,-27972000,218723000.0,54600000.0,218723000.0,6440000.0,144200000,14653000,-27972000,233484000,63000.0,339269000.0,-414246000,-2500000.0,-39256000,-4511000,983549000.0,470698000.0,61606000.0,,,,,,,,
2019-09-30,,-12499000.0,105111000,-2.23,-5369000.0,-14195000,0.0,63358890.0,,233484000,59607000.0,150000,135561000,733058000.0,-18087000,-2.23,-140398000,-434804000.0,714000.0,16535000,-112459000,0.0,-21691000,-64582000,0.0,34132000,96496000.0,-189000.0,11493000,294866000.0,96496000.0,164963000.0,,2442000,153798000,-37712000,12362000.0,245856000.0,1213570000.0,48417000.0,,812000.0,-62654000,5651000.0,48687000,315549000.0,-71089000,63358890.0,,414027000.0,-141112000,-141112000,154091000.0,58634000.0,154091000.0,6172000.0,169693000,22288000,-141112000,170830000,63000.0,336373000.0,-26730000,-5000000.0,-59403000,-15000,918704000.0,480512000.0,71808000.0,,,,,,,,
